geoName,zillow,year
Alabama,0,2005-01-31
Alaska,0,2005-01-31
Arizona,0,2005-01-31
Arkansas,0,2005-01-31
California,0,2005-01-31
Colorado,0,2005-01-31
Connecticut,0,2005-01-31
Delaware,0,2005-01-31
District of Columbia,0,2005-01-31
Florida,0,2005-01-31
Georgia,0,2005-01-31
Hawaii,0,2005-01-31
Idaho,0,2005-01-31
Illinois,0,2005-01-31
Indiana,0,2005-01-31
Iowa,0,2005-01-31
Kansas,0,2005-01-31
Kentucky,0,2005-01-31
Louisiana,0,2005-01-31
Maine,0,2005-01-31
Maryland,0,2005-01-31
Massachusetts,0,2005-01-31
Michigan,0,2005-01-31
Minnesota,0,2005-01-31
Mississippi,0,2005-01-31
Missouri,0,2005-01-31
Montana,0,2005-01-31
Nebraska,0,2005-01-31
Nevada,0,2005-01-31
New Hampshire,0,2005-01-31
New Jersey,0,2005-01-31
New Mexico,0,2005-01-31
New York,0,2005-01-31
North Carolina,0,2005-01-31
North Dakota,0,2005-01-31
Ohio,0,2005-01-31
Oklahoma,0,2005-01-31
Oregon,0,2005-01-31
Pennsylvania,0,2005-01-31
Rhode Island,0,2005-01-31
South Carolina,0,2005-01-31
South Dakota,0,2005-01-31
Tennessee,0,2005-01-31
Texas,0,2005-01-31
Utah,0,2005-01-31
Vermont,0,2005-01-31
Virginia,0,2005-01-31
Washington,100,2005-01-31
West Virginia,0,2005-01-31
Wisconsin,0,2005-01-31
Wyoming,0,2005-01-31
Alabama,0,2005-02-28
Alaska,0,2005-02-28
Arizona,0,2005-02-28
Arkansas,0,2005-02-28
California,0,2005-02-28
Colorado,0,2005-02-28
Connecticut,0,2005-02-28
Delaware,0,2005-02-28
District of Columbia,0,2005-02-28
Florida,0,2005-02-28
Georgia,0,2005-02-28
Hawaii,0,2005-02-28
Idaho,0,2005-02-28
Illinois,0,2005-02-28
Indiana,0,2005-02-28
Iowa,0,2005-02-28
Kansas,0,2005-02-28
Kentucky,0,2005-02-28
Louisiana,0,2005-02-28
Maine,0,2005-02-28
Maryland,0,2005-02-28
Massachusetts,0,2005-02-28
Michigan,0,2005-02-28
Minnesota,0,2005-02-28
Mississippi,0,2005-02-28
Missouri,0,2005-02-28
Montana,0,2005-02-28
Nebraska,0,2005-02-28
Nevada,0,2005-02-28
New Hampshire,0,2005-02-28
New Jersey,0,2005-02-28
New Mexico,0,2005-02-28
New York,0,2005-02-28
North Carolina,0,2005-02-28
North Dakota,0,2005-02-28
Ohio,0,2005-02-28
Oklahoma,0,2005-02-28
Oregon,0,2005-02-28
Pennsylvania,0,2005-02-28
Rhode Island,0,2005-02-28
South Carolina,0,2005-02-28
South Dakota,0,2005-02-28
Tennessee,0,2005-02-28
Texas,0,2005-02-28
Utah,0,2005-02-28
Vermont,0,2005-02-28
Virginia,0,2005-02-28
Washington,0,2005-02-28
West Virginia,0,2005-02-28
Wisconsin,0,2005-02-28
Wyoming,0,2005-02-28
Alabama,0,2005-03-31
Alaska,0,2005-03-31
Arizona,0,2005-03-31
Arkansas,0,2005-03-31
California,0,2005-03-31
Colorado,0,2005-03-31
Connecticut,0,2005-03-31
Delaware,0,2005-03-31
District of Columbia,0,2005-03-31
Florida,0,2005-03-31
Georgia,0,2005-03-31
Hawaii,0,2005-03-31
Idaho,0,2005-03-31
Illinois,0,2005-03-31
Indiana,0,2005-03-31
Iowa,0,2005-03-31
Kansas,0,2005-03-31
Kentucky,0,2005-03-31
Louisiana,0,2005-03-31
Maine,0,2005-03-31
Maryland,0,2005-03-31
Massachusetts,0,2005-03-31
Michigan,0,2005-03-31
Minnesota,0,2005-03-31
Mississippi,0,2005-03-31
Missouri,0,2005-03-31
Montana,0,2005-03-31
Nebraska,0,2005-03-31
Nevada,0,2005-03-31
New Hampshire,0,2005-03-31
New Jersey,0,2005-03-31
New Mexico,0,2005-03-31
New York,0,2005-03-31
North Carolina,0,2005-03-31
North Dakota,0,2005-03-31
Ohio,0,2005-03-31
Oklahoma,0,2005-03-31
Oregon,0,2005-03-31
Pennsylvania,0,2005-03-31
Rhode Island,0,2005-03-31
South Carolina,0,2005-03-31
South Dakota,0,2005-03-31
Tennessee,0,2005-03-31
Texas,0,2005-03-31
Utah,0,2005-03-31
Vermont,0,2005-03-31
Virginia,0,2005-03-31
Washington,100,2005-03-31
West Virginia,0,2005-03-31
Wisconsin,0,2005-03-31
Wyoming,0,2005-03-31
Alabama,0,2005-04-30
Alaska,0,2005-04-30
Arizona,0,2005-04-30
Arkansas,0,2005-04-30
California,0,2005-04-30
Colorado,0,2005-04-30
Connecticut,0,2005-04-30
Delaware,0,2005-04-30
District of Columbia,0,2005-04-30
Florida,0,2005-04-30
Georgia,0,2005-04-30
Hawaii,0,2005-04-30
Idaho,0,2005-04-30
Illinois,0,2005-04-30
Indiana,0,2005-04-30
Iowa,0,2005-04-30
Kansas,0,2005-04-30
Kentucky,0,2005-04-30
Louisiana,0,2005-04-30
Maine,0,2005-04-30
Maryland,0,2005-04-30
Massachusetts,0,2005-04-30
Michigan,0,2005-04-30
Minnesota,0,2005-04-30
Mississippi,0,2005-04-30
Missouri,0,2005-04-30
Montana,0,2005-04-30
Nebraska,0,2005-04-30
Nevada,0,2005-04-30
New Hampshire,0,2005-04-30
New Jersey,0,2005-04-30
New Mexico,0,2005-04-30
New York,0,2005-04-30
North Carolina,0,2005-04-30
North Dakota,0,2005-04-30
Ohio,0,2005-04-30
Oklahoma,0,2005-04-30
Oregon,0,2005-04-30
Pennsylvania,0,2005-04-30
Rhode Island,0,2005-04-30
South Carolina,0,2005-04-30
South Dakota,0,2005-04-30
Tennessee,0,2005-04-30
Texas,0,2005-04-30
Utah,0,2005-04-30
Vermont,0,2005-04-30
Virginia,0,2005-04-30
Washington,0,2005-04-30
West Virginia,0,2005-04-30
Wisconsin,0,2005-04-30
Wyoming,0,2005-04-30
Alabama,0,2005-05-31
Alaska,0,2005-05-31
Arizona,0,2005-05-31
Arkansas,0,2005-05-31
California,0,2005-05-31
Colorado,0,2005-05-31
Connecticut,0,2005-05-31
Delaware,0,2005-05-31
District of Columbia,0,2005-05-31
Florida,0,2005-05-31
Georgia,0,2005-05-31
Hawaii,0,2005-05-31
Idaho,0,2005-05-31
Illinois,0,2005-05-31
Indiana,0,2005-05-31
Iowa,0,2005-05-31
Kansas,0,2005-05-31
Kentucky,0,2005-05-31
Louisiana,0,2005-05-31
Maine,0,2005-05-31
Maryland,0,2005-05-31
Massachusetts,0,2005-05-31
Michigan,0,2005-05-31
Minnesota,0,2005-05-31
Mississippi,0,2005-05-31
Missouri,0,2005-05-31
Montana,0,2005-05-31
Nebraska,0,2005-05-31
Nevada,0,2005-05-31
New Hampshire,0,2005-05-31
New Jersey,0,2005-05-31
New Mexico,0,2005-05-31
New York,0,2005-05-31
North Carolina,0,2005-05-31
North Dakota,0,2005-05-31
Ohio,0,2005-05-31
Oklahoma,0,2005-05-31
Oregon,0,2005-05-31
Pennsylvania,0,2005-05-31
Rhode Island,0,2005-05-31
South Carolina,0,2005-05-31
South Dakota,0,2005-05-31
Tennessee,0,2005-05-31
Texas,0,2005-05-31
Utah,0,2005-05-31
Vermont,0,2005-05-31
Virginia,0,2005-05-31
Washington,100,2005-05-31
West Virginia,0,2005-05-31
Wisconsin,0,2005-05-31
Wyoming,0,2005-05-31
Alabama,0,2005-06-30
Alaska,0,2005-06-30
Arizona,0,2005-06-30
Arkansas,0,2005-06-30
California,0,2005-06-30
Colorado,0,2005-06-30
Connecticut,0,2005-06-30
Delaware,0,2005-06-30
District of Columbia,0,2005-06-30
Florida,0,2005-06-30
Georgia,0,2005-06-30
Hawaii,0,2005-06-30
Idaho,0,2005-06-30
Illinois,0,2005-06-30
Indiana,0,2005-06-30
Iowa,0,2005-06-30
Kansas,0,2005-06-30
Kentucky,0,2005-06-30
Louisiana,0,2005-06-30
Maine,0,2005-06-30
Maryland,0,2005-06-30
Massachusetts,0,2005-06-30
Michigan,0,2005-06-30
Minnesota,0,2005-06-30
Mississippi,0,2005-06-30
Missouri,0,2005-06-30
Montana,0,2005-06-30
Nebraska,0,2005-06-30
Nevada,0,2005-06-30
New Hampshire,0,2005-06-30
New Jersey,0,2005-06-30
New Mexico,0,2005-06-30
New York,0,2005-06-30
North Carolina,0,2005-06-30
North Dakota,0,2005-06-30
Ohio,0,2005-06-30
Oklahoma,0,2005-06-30
Oregon,0,2005-06-30
Pennsylvania,0,2005-06-30
Rhode Island,0,2005-06-30
South Carolina,0,2005-06-30
South Dakota,0,2005-06-30
Tennessee,0,2005-06-30
Texas,0,2005-06-30
Utah,0,2005-06-30
Vermont,0,2005-06-30
Virginia,0,2005-06-30
Washington,0,2005-06-30
West Virginia,0,2005-06-30
Wisconsin,0,2005-06-30
Wyoming,0,2005-06-30
Alabama,0,2005-07-31
Alaska,0,2005-07-31
Arizona,0,2005-07-31
Arkansas,0,2005-07-31
California,0,2005-07-31
Colorado,0,2005-07-31
Connecticut,0,2005-07-31
Delaware,0,2005-07-31
District of Columbia,0,2005-07-31
Florida,0,2005-07-31
Georgia,0,2005-07-31
Hawaii,0,2005-07-31
Idaho,0,2005-07-31
Illinois,0,2005-07-31
Indiana,0,2005-07-31
Iowa,0,2005-07-31
Kansas,0,2005-07-31
Kentucky,0,2005-07-31
Louisiana,0,2005-07-31
Maine,0,2005-07-31
Maryland,0,2005-07-31
Massachusetts,0,2005-07-31
Michigan,0,2005-07-31
Minnesota,0,2005-07-31
Mississippi,0,2005-07-31
Missouri,0,2005-07-31
Montana,0,2005-07-31
Nebraska,0,2005-07-31
Nevada,0,2005-07-31
New Hampshire,0,2005-07-31
New Jersey,0,2005-07-31
New Mexico,0,2005-07-31
New York,0,2005-07-31
North Carolina,0,2005-07-31
North Dakota,0,2005-07-31
Ohio,0,2005-07-31
Oklahoma,0,2005-07-31
Oregon,0,2005-07-31
Pennsylvania,0,2005-07-31
Rhode Island,0,2005-07-31
South Carolina,0,2005-07-31
South Dakota,0,2005-07-31
Tennessee,0,2005-07-31
Texas,0,2005-07-31
Utah,0,2005-07-31
Vermont,0,2005-07-31
Virginia,0,2005-07-31
Washington,0,2005-07-31
West Virginia,0,2005-07-31
Wisconsin,0,2005-07-31
Wyoming,0,2005-07-31
Alabama,0,2005-08-31
Alaska,0,2005-08-31
Arizona,0,2005-08-31
Arkansas,0,2005-08-31
California,0,2005-08-31
Colorado,0,2005-08-31
Connecticut,0,2005-08-31
Delaware,0,2005-08-31
District of Columbia,0,2005-08-31
Florida,0,2005-08-31
Georgia,0,2005-08-31
Hawaii,0,2005-08-31
Idaho,0,2005-08-31
Illinois,0,2005-08-31
Indiana,0,2005-08-31
Iowa,0,2005-08-31
Kansas,0,2005-08-31
Kentucky,0,2005-08-31
Louisiana,0,2005-08-31
Maine,0,2005-08-31
Maryland,0,2005-08-31
Massachusetts,0,2005-08-31
Michigan,0,2005-08-31
Minnesota,0,2005-08-31
Mississippi,0,2005-08-31
Missouri,0,2005-08-31
Montana,0,2005-08-31
Nebraska,0,2005-08-31
Nevada,0,2005-08-31
New Hampshire,0,2005-08-31
New Jersey,0,2005-08-31
New Mexico,0,2005-08-31
New York,0,2005-08-31
North Carolina,0,2005-08-31
North Dakota,0,2005-08-31
Ohio,0,2005-08-31
Oklahoma,0,2005-08-31
Oregon,0,2005-08-31
Pennsylvania,0,2005-08-31
Rhode Island,0,2005-08-31
South Carolina,0,2005-08-31
South Dakota,0,2005-08-31
Tennessee,0,2005-08-31
Texas,0,2005-08-31
Utah,0,2005-08-31
Vermont,0,2005-08-31
Virginia,0,2005-08-31
Washington,100,2005-08-31
West Virginia,0,2005-08-31
Wisconsin,0,2005-08-31
Wyoming,0,2005-08-31
Alabama,0,2005-09-30
Alaska,0,2005-09-30
Arizona,0,2005-09-30
Arkansas,0,2005-09-30
California,0,2005-09-30
Colorado,0,2005-09-30
Connecticut,0,2005-09-30
Delaware,0,2005-09-30
District of Columbia,0,2005-09-30
Florida,0,2005-09-30
Georgia,0,2005-09-30
Hawaii,0,2005-09-30
Idaho,0,2005-09-30
Illinois,0,2005-09-30
Indiana,0,2005-09-30
Iowa,0,2005-09-30
Kansas,0,2005-09-30
Kentucky,0,2005-09-30
Louisiana,0,2005-09-30
Maine,0,2005-09-30
Maryland,0,2005-09-30
Massachusetts,0,2005-09-30
Michigan,0,2005-09-30
Minnesota,0,2005-09-30
Mississippi,0,2005-09-30
Missouri,0,2005-09-30
Montana,0,2005-09-30
Nebraska,0,2005-09-30
Nevada,0,2005-09-30
New Hampshire,0,2005-09-30
New Jersey,0,2005-09-30
New Mexico,0,2005-09-30
New York,0,2005-09-30
North Carolina,0,2005-09-30
North Dakota,0,2005-09-30
Ohio,0,2005-09-30
Oklahoma,0,2005-09-30
Oregon,100,2005-09-30
Pennsylvania,0,2005-09-30
Rhode Island,0,2005-09-30
South Carolina,0,2005-09-30
South Dakota,0,2005-09-30
Tennessee,0,2005-09-30
Texas,0,2005-09-30
Utah,0,2005-09-30
Vermont,0,2005-09-30
Virginia,0,2005-09-30
Washington,49,2005-09-30
West Virginia,0,2005-09-30
Wisconsin,0,2005-09-30
Wyoming,0,2005-09-30
Alabama,0,2005-10-31
Alaska,0,2005-10-31
Arizona,0,2005-10-31
Arkansas,0,2005-10-31
California,100,2005-10-31
Colorado,0,2005-10-31
Connecticut,0,2005-10-31
Delaware,0,2005-10-31
District of Columbia,0,2005-10-31
Florida,0,2005-10-31
Georgia,0,2005-10-31
Hawaii,0,2005-10-31
Idaho,0,2005-10-31
Illinois,0,2005-10-31
Indiana,0,2005-10-31
Iowa,0,2005-10-31
Kansas,0,2005-10-31
Kentucky,0,2005-10-31
Louisiana,0,2005-10-31
Maine,0,2005-10-31
Maryland,0,2005-10-31
Massachusetts,0,2005-10-31
Michigan,0,2005-10-31
Minnesota,0,2005-10-31
Mississippi,0,2005-10-31
Missouri,0,2005-10-31
Montana,0,2005-10-31
Nebraska,0,2005-10-31
Nevada,0,2005-10-31
New Hampshire,0,2005-10-31
New Jersey,0,2005-10-31
New Mexico,0,2005-10-31
New York,0,2005-10-31
North Carolina,0,2005-10-31
North Dakota,0,2005-10-31
Ohio,0,2005-10-31
Oklahoma,0,2005-10-31
Oregon,0,2005-10-31
Pennsylvania,0,2005-10-31
Rhode Island,0,2005-10-31
South Carolina,0,2005-10-31
South Dakota,0,2005-10-31
Tennessee,0,2005-10-31
Texas,0,2005-10-31
Utah,0,2005-10-31
Vermont,0,2005-10-31
Virginia,0,2005-10-31
Washington,0,2005-10-31
West Virginia,0,2005-10-31
Wisconsin,0,2005-10-31
Wyoming,0,2005-10-31
Alabama,0,2005-11-30
Alaska,0,2005-11-30
Arizona,0,2005-11-30
Arkansas,0,2005-11-30
California,0,2005-11-30
Colorado,0,2005-11-30
Connecticut,0,2005-11-30
Delaware,0,2005-11-30
District of Columbia,0,2005-11-30
Florida,0,2005-11-30
Georgia,0,2005-11-30
Hawaii,0,2005-11-30
Idaho,0,2005-11-30
Illinois,0,2005-11-30
Indiana,0,2005-11-30
Iowa,0,2005-11-30
Kansas,0,2005-11-30
Kentucky,0,2005-11-30
Louisiana,0,2005-11-30
Maine,0,2005-11-30
Maryland,0,2005-11-30
Massachusetts,0,2005-11-30
Michigan,0,2005-11-30
Minnesota,0,2005-11-30
Mississippi,0,2005-11-30
Missouri,0,2005-11-30
Montana,0,2005-11-30
Nebraska,0,2005-11-30
Nevada,0,2005-11-30
New Hampshire,0,2005-11-30
New Jersey,0,2005-11-30
New Mexico,0,2005-11-30
New York,0,2005-11-30
North Carolina,0,2005-11-30
North Dakota,0,2005-11-30
Ohio,0,2005-11-30
Oklahoma,0,2005-11-30
Oregon,0,2005-11-30
Pennsylvania,0,2005-11-30
Rhode Island,0,2005-11-30
South Carolina,0,2005-11-30
South Dakota,0,2005-11-30
Tennessee,0,2005-11-30
Texas,0,2005-11-30
Utah,0,2005-11-30
Vermont,0,2005-11-30
Virginia,0,2005-11-30
Washington,0,2005-11-30
West Virginia,0,2005-11-30
Wisconsin,0,2005-11-30
Wyoming,0,2005-11-30
Alabama,0,2005-12-31
Alaska,0,2005-12-31
Arizona,0,2005-12-31
Arkansas,0,2005-12-31
California,60,2005-12-31
Colorado,0,2005-12-31
Connecticut,0,2005-12-31
Delaware,0,2005-12-31
District of Columbia,0,2005-12-31
Florida,0,2005-12-31
Georgia,0,2005-12-31
Hawaii,0,2005-12-31
Idaho,0,2005-12-31
Illinois,0,2005-12-31
Indiana,0,2005-12-31
Iowa,0,2005-12-31
Kansas,0,2005-12-31
Kentucky,0,2005-12-31
Louisiana,0,2005-12-31
Maine,0,2005-12-31
Maryland,0,2005-12-31
Massachusetts,0,2005-12-31
Michigan,0,2005-12-31
Minnesota,0,2005-12-31
Mississippi,0,2005-12-31
Missouri,0,2005-12-31
Montana,0,2005-12-31
Nebraska,0,2005-12-31
Nevada,0,2005-12-31
New Hampshire,0,2005-12-31
New Jersey,0,2005-12-31
New Mexico,0,2005-12-31
New York,100,2005-12-31
North Carolina,0,2005-12-31
North Dakota,0,2005-12-31
Ohio,0,2005-12-31
Oklahoma,0,2005-12-31
Oregon,0,2005-12-31
Pennsylvania,0,2005-12-31
Rhode Island,0,2005-12-31
South Carolina,0,2005-12-31
South Dakota,0,2005-12-31
Tennessee,0,2005-12-31
Texas,0,2005-12-31
Utah,0,2005-12-31
Vermont,0,2005-12-31
Virginia,0,2005-12-31
Washington,0,2005-12-31
West Virginia,0,2005-12-31
Wisconsin,0,2005-12-31
Wyoming,0,2005-12-31
Alabama,26,2006-01-31
Alaska,0,2006-01-31
Arizona,62,2006-01-31
Arkansas,0,2006-01-31
California,80,2006-01-31
Colorado,18,2006-01-31
Connecticut,34,2006-01-31
Delaware,0,2006-01-31
District of Columbia,20,2006-01-31
Florida,45,2006-01-31
Georgia,13,2006-01-31
Hawaii,47,2006-01-31
Idaho,0,2006-01-31
Illinois,32,2006-01-31
Indiana,16,2006-01-31
Iowa,0,2006-01-31
Kansas,0,2006-01-31
Kentucky,0,2006-01-31
Louisiana,0,2006-01-31
Maine,0,2006-01-31
Maryland,33,2006-01-31
Massachusetts,47,2006-01-31
Michigan,20,2006-01-31
Minnesota,17,2006-01-31
Mississippi,0,2006-01-31
Missouri,22,2006-01-31
Montana,0,2006-01-31
Nebraska,19,2006-01-31
Nevada,37,2006-01-31
New Hampshire,0,2006-01-31
New Jersey,21,2006-01-31
New Mexico,26,2006-01-31
New York,32,2006-01-31
North Carolina,30,2006-01-31
North Dakota,0,2006-01-31
Ohio,40,2006-01-31
Oklahoma,29,2006-01-31
Oregon,59,2006-01-31
Pennsylvania,16,2006-01-31
Rhode Island,0,2006-01-31
South Carolina,26,2006-01-31
South Dakota,54,2006-01-31
Tennessee,8,2006-01-31
Texas,10,2006-01-31
Utah,13,2006-01-31
Vermont,37,2006-01-31
Virginia,40,2006-01-31
Washington,100,2006-01-31
West Virginia,0,2006-01-31
Wisconsin,24,2006-01-31
Wyoming,0,2006-01-31
Alabama,26,2006-02-28
Alaska,0,2006-02-28
Arizona,37,2006-02-28
Arkansas,24,2006-02-28
California,50,2006-02-28
Colorado,33,2006-02-28
Connecticut,32,2006-02-28
Delaware,48,2006-02-28
District of Columbia,56,2006-02-28
Florida,52,2006-02-28
Georgia,9,2006-02-28
Hawaii,0,2006-02-28
Idaho,0,2006-02-28
Illinois,27,2006-02-28
Indiana,8,2006-02-28
Iowa,0,2006-02-28
Kansas,0,2006-02-28
Kentucky,17,2006-02-28
Louisiana,0,2006-02-28
Maine,0,2006-02-28
Maryland,16,2006-02-28
Massachusetts,73,2006-02-28
Michigan,7,2006-02-28
Minnesota,5,2006-02-28
Mississippi,0,2006-02-28
Missouri,16,2006-02-28
Montana,0,2006-02-28
Nebraska,0,2006-02-28
Nevada,17,2006-02-28
New Hampshire,21,2006-02-28
New Jersey,30,2006-02-28
New Mexico,100,2006-02-28
New York,22,2006-02-28
North Carolina,13,2006-02-28
North Dakota,0,2006-02-28
Ohio,13,2006-02-28
Oklahoma,29,2006-02-28
Oregon,28,2006-02-28
Pennsylvania,3,2006-02-28
Rhode Island,0,2006-02-28
South Carolina,38,2006-02-28
South Dakota,0,2006-02-28
Tennessee,23,2006-02-28
Texas,10,2006-02-28
Utah,12,2006-02-28
Vermont,0,2006-02-28
Virginia,16,2006-02-28
Washington,60,2006-02-28
West Virginia,0,2006-02-28
Wisconsin,11,2006-02-28
Wyoming,0,2006-02-28
Alabama,0,2006-03-31
Alaska,0,2006-03-31
Arizona,83,2006-03-31
Arkansas,0,2006-03-31
California,79,2006-03-31
Colorado,32,2006-03-31
Connecticut,69,2006-03-31
Delaware,0,2006-03-31
District of Columbia,37,2006-03-31
Florida,43,2006-03-31
Georgia,9,2006-03-31
Hawaii,30,2006-03-31
Idaho,43,2006-03-31
Illinois,23,2006-03-31
Indiana,12,2006-03-31
Iowa,42,2006-03-31
Kansas,0,2006-03-31
Kentucky,27,2006-03-31
Louisiana,0,2006-03-31
Maine,0,2006-03-31
Maryland,24,2006-03-31
Massachusetts,62,2006-03-31
Michigan,28,2006-03-31
Minnesota,23,2006-03-31
Mississippi,0,2006-03-31
Missouri,23,2006-03-31
Montana,65,2006-03-31
Nebraska,0,2006-03-31
Nevada,24,2006-03-31
New Hampshire,0,2006-03-31
New Jersey,20,2006-03-31
New Mexico,0,2006-03-31
New York,30,2006-03-31
North Carolina,6,2006-03-31
North Dakota,89,2006-03-31
Ohio,24,2006-03-31
Oklahoma,60,2006-03-31
Oregon,41,2006-03-31
Pennsylvania,19,2006-03-31
Rhode Island,32,2006-03-31
South Carolina,19,2006-03-31
South Dakota,77,2006-03-31
Tennessee,22,2006-03-31
Texas,18,2006-03-31
Utah,0,2006-03-31
Vermont,0,2006-03-31
Virginia,24,2006-03-31
Washington,100,2006-03-31
West Virginia,0,2006-03-31
Wisconsin,0,2006-03-31
Wyoming,0,2006-03-31
Alabama,12,2006-04-30
Alaska,38,2006-04-30
Arizona,44,2006-04-30
Arkansas,0,2006-04-30
California,49,2006-04-30
Colorado,36,2006-04-30
Connecticut,22,2006-04-30
Delaware,0,2006-04-30
District of Columbia,18,2006-04-30
Florida,26,2006-04-30
Georgia,17,2006-04-30
Hawaii,0,2006-04-30
Idaho,0,2006-04-30
Illinois,50,2006-04-30
Indiana,31,2006-04-30
Iowa,14,2006-04-30
Kansas,12,2006-04-30
Kentucky,0,2006-04-30
Louisiana,0,2006-04-30
Maine,0,2006-04-30
Maryland,5,2006-04-30
Massachusetts,43,2006-04-30
Michigan,33,2006-04-30
Minnesota,15,2006-04-30
Mississippi,30,2006-04-30
Missouri,20,2006-04-30
Montana,45,2006-04-30
Nebraska,0,2006-04-30
Nevada,91,2006-04-30
New Hampshire,19,2006-04-30
New Jersey,21,2006-04-30
New Mexico,72,2006-04-30
New York,15,2006-04-30
North Carolina,4,2006-04-30
North Dakota,0,2006-04-30
Ohio,12,2006-04-30
Oklahoma,0,2006-04-30
Oregon,38,2006-04-30
Pennsylvania,20,2006-04-30
Rhode Island,20,2006-04-30
South Carolina,25,2006-04-30
South Dakota,0,2006-04-30
Tennessee,37,2006-04-30
Texas,16,2006-04-30
Utah,37,2006-04-30
Vermont,100,2006-04-30
Virginia,28,2006-04-30
Washington,55,2006-04-30
West Virginia,0,2006-04-30
Wisconsin,16,2006-04-30
Wyoming,0,2006-04-30
Alabama,0,2006-05-31
Alaska,0,2006-05-31
Arizona,68,2006-05-31
Arkansas,0,2006-05-31
California,79,2006-05-31
Colorado,43,2006-05-31
Connecticut,10,2006-05-31
Delaware,0,2006-05-31
District of Columbia,23,2006-05-31
Florida,48,2006-05-31
Georgia,19,2006-05-31
Hawaii,27,2006-05-31
Idaho,0,2006-05-31
Illinois,36,2006-05-31
Indiana,24,2006-05-31
Iowa,21,2006-05-31
Kansas,0,2006-05-31
Kentucky,0,2006-05-31
Louisiana,0,2006-05-31
Maine,0,2006-05-31
Maryland,28,2006-05-31
Massachusetts,70,2006-05-31
Michigan,10,2006-05-31
Minnesota,29,2006-05-31
Mississippi,0,2006-05-31
Missouri,14,2006-05-31
Montana,0,2006-05-31
Nebraska,0,2006-05-31
Nevada,82,2006-05-31
New Hampshire,0,2006-05-31
New Jersey,45,2006-05-31
New Mexico,100,2006-05-31
New York,16,2006-05-31
North Carolina,11,2006-05-31
North Dakota,0,2006-05-31
Ohio,17,2006-05-31
Oklahoma,0,2006-05-31
Oregon,79,2006-05-31
Pennsylvania,24,2006-05-31
Rhode Island,29,2006-05-31
South Carolina,35,2006-05-31
South Dakota,0,2006-05-31
Tennessee,0,2006-05-31
Texas,16,2006-05-31
Utah,17,2006-05-31
Vermont,95,2006-05-31
Virginia,22,2006-05-31
Washington,59,2006-05-31
West Virginia,0,2006-05-31
Wisconsin,0,2006-05-31
Wyoming,0,2006-05-31
Alabama,0,2006-06-30
Alaska,0,2006-06-30
Arizona,61,2006-06-30
Arkansas,0,2006-06-30
California,53,2006-06-30
Colorado,78,2006-06-30
Connecticut,29,2006-06-30
Delaware,0,2006-06-30
District of Columbia,36,2006-06-30
Florida,40,2006-06-30
Georgia,14,2006-06-30
Hawaii,0,2006-06-30
Idaho,0,2006-06-30
Illinois,22,2006-06-30
Indiana,0,2006-06-30
Iowa,20,2006-06-30
Kansas,0,2006-06-30
Kentucky,13,2006-06-30
Louisiana,0,2006-06-30
Maine,0,2006-06-30
Maryland,19,2006-06-30
Massachusetts,71,2006-06-30
Michigan,29,2006-06-30
Minnesota,20,2006-06-30
Mississippi,0,2006-06-30
Missouri,13,2006-06-30
Montana,0,2006-06-30
Nebraska,23,2006-06-30
Nevada,55,2006-06-30
New Hampshire,26,2006-06-30
New Jersey,4,2006-06-30
New Mexico,30,2006-06-30
New York,27,2006-06-30
North Carolina,25,2006-06-30
North Dakota,0,2006-06-30
Ohio,20,2006-06-30
Oklahoma,0,2006-06-30
Oregon,59,2006-06-30
Pennsylvania,16,2006-06-30
Rhode Island,0,2006-06-30
South Carolina,16,2006-06-30
South Dakota,0,2006-06-30
Tennessee,18,2006-06-30
Texas,15,2006-06-30
Utah,16,2006-06-30
Vermont,45,2006-06-30
Virginia,16,2006-06-30
Washington,100,2006-06-30
West Virginia,0,2006-06-30
Wisconsin,14,2006-06-30
Wyoming,0,2006-06-30
Alabama,0,2006-07-31
Alaska,56,2006-07-31
Arizona,66,2006-07-31
Arkansas,17,2006-07-31
California,50,2006-07-31
Colorado,11,2006-07-31
Connecticut,45,2006-07-31
Delaware,0,2006-07-31
District of Columbia,8,2006-07-31
Florida,28,2006-07-31
Georgia,10,2006-07-31
Hawaii,14,2006-07-31
Idaho,0,2006-07-31
Illinois,37,2006-07-31
Indiana,12,2006-07-31
Iowa,11,2006-07-31
Kansas,0,2006-07-31
Kentucky,0,2006-07-31
Louisiana,9,2006-07-31
Maine,0,2006-07-31
Maryland,23,2006-07-31
Massachusetts,40,2006-07-31
Michigan,14,2006-07-31
Minnesota,8,2006-07-31
Mississippi,0,2006-07-31
Missouri,11,2006-07-31
Montana,100,2006-07-31
Nebraska,13,2006-07-31
Nevada,77,2006-07-31
New Hampshire,0,2006-07-31
New Jersey,16,2006-07-31
New Mexico,35,2006-07-31
New York,10,2006-07-31
North Carolina,14,2006-07-31
North Dakota,0,2006-07-31
Ohio,16,2006-07-31
Oklahoma,10,2006-07-31
Oregon,30,2006-07-31
Pennsylvania,23,2006-07-31
Rhode Island,17,2006-07-31
South Carolina,9,2006-07-31
South Dakota,0,2006-07-31
Tennessee,11,2006-07-31
Texas,9,2006-07-31
Utah,37,2006-07-31
Vermont,26,2006-07-31
Virginia,28,2006-07-31
Washington,70,2006-07-31
West Virginia,39,2006-07-31
Wisconsin,8,2006-07-31
Wyoming,0,2006-07-31
Alabama,17,2006-08-31
Alaska,0,2006-08-31
Arizona,21,2006-08-31
Arkansas,0,2006-08-31
California,40,2006-08-31
Colorado,19,2006-08-31
Connecticut,22,2006-08-31
Delaware,0,2006-08-31
District of Columbia,13,2006-08-31
Florida,27,2006-08-31
Georgia,10,2006-08-31
Hawaii,14,2006-08-31
Idaho,20,2006-08-31
Illinois,19,2006-08-31
Indiana,6,2006-08-31
Iowa,0,2006-08-31
Kansas,9,2006-08-31
Kentucky,0,2006-08-31
Louisiana,0,2006-08-31
Maine,16,2006-08-31
Maryland,11,2006-08-31
Massachusetts,44,2006-08-31
Michigan,11,2006-08-31
Minnesota,4,2006-08-31
Mississippi,0,2006-08-31
Missouri,7,2006-08-31
Montana,31,2006-08-31
Nebraska,0,2006-08-31
Nevada,22,2006-08-31
New Hampshire,15,2006-08-31
New Jersey,14,2006-08-31
New Mexico,0,2006-08-31
New York,10,2006-08-31
North Carolina,6,2006-08-31
North Dakota,0,2006-08-31
Ohio,11,2006-08-31
Oklahoma,10,2006-08-31
Oregon,25,2006-08-31
Pennsylvania,7,2006-08-31
Rhode Island,46,2006-08-31
South Carolina,17,2006-08-31
South Dakota,0,2006-08-31
Tennessee,26,2006-08-31
Texas,13,2006-08-31
Utah,35,2006-08-31
Vermont,0,2006-08-31
Virginia,5,2006-08-31
Washington,100,2006-08-31
West Virginia,0,2006-08-31
Wisconsin,4,2006-08-31
Wyoming,0,2006-08-31
Alabama,0,2006-09-30
Alaska,0,2006-09-30
Arizona,41,2006-09-30
Arkansas,0,2006-09-30
California,100,2006-09-30
Colorado,14,2006-09-30
Connecticut,71,2006-09-30
Delaware,0,2006-09-30
District of Columbia,25,2006-09-30
Florida,52,2006-09-30
Georgia,27,2006-09-30
Hawaii,0,2006-09-30
Idaho,0,2006-09-30
Illinois,27,2006-09-30
Indiana,0,2006-09-30
Iowa,0,2006-09-30
Kansas,0,2006-09-30
Kentucky,13,2006-09-30
Louisiana,34,2006-09-30
Maine,0,2006-09-30
Maryland,36,2006-09-30
Massachusetts,80,2006-09-30
Michigan,10,2006-09-30
Minnesota,14,2006-09-30
Mississippi,0,2006-09-30
Missouri,35,2006-09-30
Montana,0,2006-09-30
Nebraska,0,2006-09-30
Nevada,84,2006-09-30
New Hampshire,82,2006-09-30
New Jersey,30,2006-09-30
New Mexico,33,2006-09-30
New York,17,2006-09-30
North Carolina,22,2006-09-30
North Dakota,0,2006-09-30
Ohio,17,2006-09-30
Oklahoma,0,2006-09-30
Oregon,64,2006-09-30
Pennsylvania,3,2006-09-30
Rhode Island,0,2006-09-30
South Carolina,0,2006-09-30
South Dakota,0,2006-09-30
Tennessee,10,2006-09-30
Texas,19,2006-09-30
Utah,0,2006-09-30
Vermont,0,2006-09-30
Virginia,17,2006-09-30
Washington,88,2006-09-30
West Virginia,72,2006-09-30
Wisconsin,0,2006-09-30
Wyoming,0,2006-09-30
Alabama,0,2006-10-31
Alaska,0,2006-10-31
Arizona,58,2006-10-31
Arkansas,0,2006-10-31
California,63,2006-10-31
Colorado,60,2006-10-31
Connecticut,31,2006-10-31
Delaware,0,2006-10-31
District of Columbia,69,2006-10-31
Florida,30,2006-10-31
Georgia,16,2006-10-31
Hawaii,29,2006-10-31
Idaho,39,2006-10-31
Illinois,28,2006-10-31
Indiana,0,2006-10-31
Iowa,0,2006-10-31
Kansas,18,2006-10-31
Kentucky,13,2006-10-31
Louisiana,0,2006-10-31
Maine,0,2006-10-31
Maryland,39,2006-10-31
Massachusetts,59,2006-10-31
Michigan,11,2006-10-31
Minnesota,22,2006-10-31
Mississippi,0,2006-10-31
Missouri,37,2006-10-31
Montana,60,2006-10-31
Nebraska,0,2006-10-31
Nevada,22,2006-10-31
New Hampshire,29,2006-10-31
New Jersey,18,2006-10-31
New Mexico,0,2006-10-31
New York,25,2006-10-31
North Carolina,39,2006-10-31
North Dakota,87,2006-10-31
Ohio,13,2006-10-31
Oklahoma,19,2006-10-31
Oregon,85,2006-10-31
Pennsylvania,14,2006-10-31
Rhode Island,0,2006-10-31
South Carolina,50,2006-10-31
South Dakota,0,2006-10-31
Tennessee,0,2006-10-31
Texas,25,2006-10-31
Utah,34,2006-10-31
Vermont,0,2006-10-31
Virginia,19,2006-10-31
Washington,75,2006-10-31
West Virginia,0,2006-10-31
Wisconsin,8,2006-10-31
Wyoming,100,2006-10-31
Alabama,0,2006-11-30
Alaska,0,2006-11-30
Arizona,65,2006-11-30
Arkansas,0,2006-11-30
California,71,2006-11-30
Colorado,59,2006-11-30
Connecticut,51,2006-11-30
Delaware,0,2006-11-30
District of Columbia,51,2006-11-30
Florida,38,2006-11-30
Georgia,17,2006-11-30
Hawaii,29,2006-11-30
Idaho,79,2006-11-30
Illinois,38,2006-11-30
Indiana,0,2006-11-30
Iowa,0,2006-11-30
Kansas,0,2006-11-30
Kentucky,0,2006-11-30
Louisiana,0,2006-11-30
Maine,0,2006-11-30
Maryland,61,2006-11-30
Massachusetts,62,2006-11-30
Michigan,16,2006-11-30
Minnesota,14,2006-11-30
Mississippi,0,2006-11-30
Missouri,37,2006-11-30
Montana,0,2006-11-30
Nebraska,26,2006-11-30
Nevada,65,2006-11-30
New Hampshire,62,2006-11-30
New Jersey,33,2006-11-30
New Mexico,0,2006-11-30
New York,25,2006-11-30
North Carolina,28,2006-11-30
North Dakota,0,2006-11-30
Ohio,27,2006-11-30
Oklahoma,0,2006-11-30
Oregon,68,2006-11-30
Pennsylvania,14,2006-11-30
Rhode Island,0,2006-11-30
South Carolina,17,2006-11-30
South Dakota,0,2006-11-30
Tennessee,11,2006-11-30
Texas,29,2006-11-30
Utah,52,2006-11-30
Vermont,0,2006-11-30
Virginia,15,2006-11-30
Washington,100,2006-11-30
West Virginia,0,2006-11-30
Wisconsin,0,2006-11-30
Wyoming,0,2006-11-30
Alabama,0,2006-12-31
Alaska,0,2006-12-31
Arizona,65,2006-12-31
Arkansas,0,2006-12-31
California,71,2006-12-31
Colorado,59,2006-12-31
Connecticut,51,2006-12-31
Delaware,0,2006-12-31
District of Columbia,51,2006-12-31
Florida,38,2006-12-31
Georgia,17,2006-12-31
Hawaii,29,2006-12-31
Idaho,79,2006-12-31
Illinois,38,2006-12-31
Indiana,0,2006-12-31
Iowa,0,2006-12-31
Kansas,0,2006-12-31
Kentucky,0,2006-12-31
Louisiana,0,2006-12-31
Maine,0,2006-12-31
Maryland,61,2006-12-31
Massachusetts,62,2006-12-31
Michigan,16,2006-12-31
Minnesota,14,2006-12-31
Mississippi,0,2006-12-31
Missouri,37,2006-12-31
Montana,0,2006-12-31
Nebraska,26,2006-12-31
Nevada,65,2006-12-31
New Hampshire,62,2006-12-31
New Jersey,33,2006-12-31
New Mexico,0,2006-12-31
New York,25,2006-12-31
North Carolina,28,2006-12-31
North Dakota,0,2006-12-31
Ohio,27,2006-12-31
Oklahoma,0,2006-12-31
Oregon,68,2006-12-31
Pennsylvania,14,2006-12-31
Rhode Island,0,2006-12-31
South Carolina,17,2006-12-31
South Dakota,0,2006-12-31
Tennessee,11,2006-12-31
Texas,29,2006-12-31
Utah,52,2006-12-31
Vermont,0,2006-12-31
Virginia,15,2006-12-31
Washington,100,2006-12-31
West Virginia,0,2006-12-31
Wisconsin,0,2006-12-31
Wyoming,0,2006-12-31
Alabama,0,2007-01-31
Alaska,38,2007-01-31
Arizona,100,2007-01-31
Arkansas,25,2007-01-31
California,68,2007-01-31
Colorado,73,2007-01-31
Connecticut,70,2007-01-31
Delaware,0,2007-01-31
District of Columbia,28,2007-01-31
Florida,44,2007-01-31
Georgia,40,2007-01-31
Hawaii,21,2007-01-31
Idaho,0,2007-01-31
Illinois,42,2007-01-31
Indiana,0,2007-01-31
Iowa,0,2007-01-31
Kansas,13,2007-01-31
Kentucky,0,2007-01-31
Louisiana,25,2007-01-31
Maine,0,2007-01-31
Maryland,42,2007-01-31
Massachusetts,81,2007-01-31
Michigan,15,2007-01-31
Minnesota,25,2007-01-31
Mississippi,20,2007-01-31
Missouri,25,2007-01-31
Montana,0,2007-01-31
Nebraska,36,2007-01-31
Nevada,90,2007-01-31
New Hampshire,0,2007-01-31
New Jersey,60,2007-01-31
New Mexico,0,2007-01-31
New York,32,2007-01-31
North Carolina,34,2007-01-31
North Dakota,0,2007-01-31
Ohio,42,2007-01-31
Oklahoma,26,2007-01-31
Oregon,72,2007-01-31
Pennsylvania,22,2007-01-31
Rhode Island,22,2007-01-31
South Carolina,11,2007-01-31
South Dakota,0,2007-01-31
Tennessee,23,2007-01-31
Texas,23,2007-01-31
Utah,59,2007-01-31
Vermont,52,2007-01-31
Virginia,25,2007-01-31
Washington,84,2007-01-31
West Virginia,0,2007-01-31
Wisconsin,12,2007-01-31
Wyoming,0,2007-01-31
Alabama,11,2007-02-28
Alaska,0,2007-02-28
Arizona,66,2007-02-28
Arkansas,0,2007-02-28
California,68,2007-02-28
Colorado,33,2007-02-28
Connecticut,38,2007-02-28
Delaware,0,2007-02-28
District of Columbia,30,2007-02-28
Florida,51,2007-02-28
Georgia,21,2007-02-28
Hawaii,18,2007-02-28
Idaho,0,2007-02-28
Illinois,40,2007-02-28
Indiana,0,2007-02-28
Iowa,0,2007-02-28
Kansas,23,2007-02-28
Kentucky,8,2007-02-28
Louisiana,0,2007-02-28
Maine,20,2007-02-28
Maryland,10,2007-02-28
Massachusetts,53,2007-02-28
Michigan,19,2007-02-28
Minnesota,18,2007-02-28
Mississippi,0,2007-02-28
Missouri,37,2007-02-28
Montana,36,2007-02-28
Nebraska,0,2007-02-28
Nevada,66,2007-02-28
New Hampshire,40,2007-02-28
New Jersey,18,2007-02-28
New Mexico,22,2007-02-28
New York,27,2007-02-28
North Carolina,24,2007-02-28
North Dakota,0,2007-02-28
Ohio,27,2007-02-28
Oklahoma,0,2007-02-28
Oregon,100,2007-02-28
Pennsylvania,30,2007-02-28
Rhode Island,39,2007-02-28
South Carolina,21,2007-02-28
South Dakota,0,2007-02-28
Tennessee,21,2007-02-28
Texas,16,2007-02-28
Utah,42,2007-02-28
Vermont,0,2007-02-28
Virginia,19,2007-02-28
Washington,99,2007-02-28
West Virginia,0,2007-02-28
Wisconsin,0,2007-02-28
Wyoming,0,2007-02-28
Alabama,10,2007-03-31
Alaska,33,2007-03-31
Arizona,58,2007-03-31
Arkansas,0,2007-03-31
California,64,2007-03-31
Colorado,44,2007-03-31
Connecticut,48,2007-03-31
Delaware,0,2007-03-31
District of Columbia,14,2007-03-31
Florida,38,2007-03-31
Georgia,7,2007-03-31
Hawaii,34,2007-03-31
Idaho,0,2007-03-31
Illinois,40,2007-03-31
Indiana,7,2007-03-31
Iowa,0,2007-03-31
Kansas,0,2007-03-31
Kentucky,8,2007-03-31
Louisiana,0,2007-03-31
Maine,0,2007-03-31
Maryland,37,2007-03-31
Massachusetts,38,2007-03-31
Michigan,13,2007-03-31
Minnesota,9,2007-03-31
Mississippi,0,2007-03-31
Missouri,17,2007-03-31
Montana,36,2007-03-31
Nebraska,0,2007-03-31
Nevada,50,2007-03-31
New Hampshire,0,2007-03-31
New Jersey,25,2007-03-31
New Mexico,40,2007-03-31
New York,16,2007-03-31
North Carolina,20,2007-03-31
North Dakota,0,2007-03-31
Ohio,16,2007-03-31
Oklahoma,22,2007-03-31
Oregon,73,2007-03-31
Pennsylvania,33,2007-03-31
Rhode Island,0,2007-03-31
South Carolina,30,2007-03-31
South Dakota,0,2007-03-31
Tennessee,19,2007-03-31
Texas,11,2007-03-31
Utah,41,2007-03-31
Vermont,0,2007-03-31
Virginia,30,2007-03-31
Washington,100,2007-03-31
West Virginia,45,2007-03-31
Wisconsin,10,2007-03-31
Wyoming,0,2007-03-31
Alabama,0,2007-04-30
Alaska,26,2007-04-30
Arizona,41,2007-04-30
Arkansas,0,2007-04-30
California,47,2007-04-30
Colorado,37,2007-04-30
Connecticut,50,2007-04-30
Delaware,0,2007-04-30
District of Columbia,32,2007-04-30
Florida,47,2007-04-30
Georgia,17,2007-04-30
Hawaii,26,2007-04-30
Idaho,0,2007-04-30
Illinois,13,2007-04-30
Indiana,5,2007-04-30
Iowa,0,2007-04-30
Kansas,9,2007-04-30
Kentucky,0,2007-04-30
Louisiana,0,2007-04-30
Maine,0,2007-04-30
Maryland,28,2007-04-30
Massachusetts,57,2007-04-30
Michigan,3,2007-04-30
Minnesota,23,2007-04-30
Mississippi,14,2007-04-30
Missouri,20,2007-04-30
Montana,0,2007-04-30
Nebraska,0,2007-04-30
Nevada,37,2007-04-30
New Hampshire,0,2007-04-30
New Jersey,24,2007-04-30
New Mexico,16,2007-04-30
New York,19,2007-04-30
North Carolina,10,2007-04-30
North Dakota,0,2007-04-30
Ohio,4,2007-04-30
Oklahoma,9,2007-04-30
Oregon,43,2007-04-30
Pennsylvania,10,2007-04-30
Rhode Island,0,2007-04-30
South Carolina,15,2007-04-30
South Dakota,0,2007-04-30
Tennessee,31,2007-04-30
Texas,15,2007-04-30
Utah,16,2007-04-30
Vermont,0,2007-04-30
Virginia,15,2007-04-30
Washington,100,2007-04-30
West Virginia,0,2007-04-30
Wisconsin,4,2007-04-30
Wyoming,0,2007-04-30
Alabama,0,2007-05-31
Alaska,53,2007-05-31
Arizona,40,2007-05-31
Arkansas,0,2007-05-31
California,40,2007-05-31
Colorado,23,2007-05-31
Connecticut,52,2007-05-31
Delaware,40,2007-05-31
District of Columbia,24,2007-05-31
Florida,35,2007-05-31
Georgia,13,2007-05-31
Hawaii,0,2007-05-31
Idaho,18,2007-05-31
Illinois,22,2007-05-31
Indiana,0,2007-05-31
Iowa,0,2007-05-31
Kansas,0,2007-05-31
Kentucky,0,2007-05-31
Louisiana,0,2007-05-31
Maine,0,2007-05-31
Maryland,32,2007-05-31
Massachusetts,39,2007-05-31
Michigan,12,2007-05-31
Minnesota,6,2007-05-31
Mississippi,0,2007-05-31
Missouri,10,2007-05-31
Montana,0,2007-05-31
Nebraska,12,2007-05-31
Nevada,27,2007-05-31
New Hampshire,16,2007-05-31
New Jersey,18,2007-05-31
New Mexico,15,2007-05-31
New York,15,2007-05-31
North Carolina,10,2007-05-31
North Dakota,0,2007-05-31
Ohio,14,2007-05-31
Oklahoma,8,2007-05-31
Oregon,58,2007-05-31
Pennsylvania,17,2007-05-31
Rhode Island,16,2007-05-31
South Carolina,39,2007-05-31
South Dakota,0,2007-05-31
Tennessee,10,2007-05-31
Texas,14,2007-05-31
Utah,24,2007-05-31
Vermont,0,2007-05-31
Virginia,19,2007-05-31
Washington,100,2007-05-31
West Virginia,0,2007-05-31
Wisconsin,20,2007-05-31
Wyoming,0,2007-05-31
Alabama,18,2007-06-30
Alaska,0,2007-06-30
Arizona,70,2007-06-30
Arkansas,17,2007-06-30
California,60,2007-06-30
Colorado,35,2007-06-30
Connecticut,39,2007-06-30
Delaware,48,2007-06-30
District of Columbia,31,2007-06-30
Florida,35,2007-06-30
Georgia,13,2007-06-30
Hawaii,15,2007-06-30
Idaho,0,2007-06-30
Illinois,36,2007-06-30
Indiana,7,2007-06-30
Iowa,0,2007-06-30
Kansas,0,2007-06-30
Kentucky,0,2007-06-30
Louisiana,0,2007-06-30
Maine,20,2007-06-30
Maryland,12,2007-06-30
Massachusetts,56,2007-06-30
Michigan,9,2007-06-30
Minnesota,28,2007-06-30
Mississippi,0,2007-06-30
Missouri,4,2007-06-30
Montana,0,2007-06-30
Nebraska,15,2007-06-30
Nevada,56,2007-06-30
New Hampshire,0,2007-06-30
New Jersey,25,2007-06-30
New Mexico,0,2007-06-30
New York,19,2007-06-30
North Carolina,20,2007-06-30
North Dakota,0,2007-06-30
Ohio,19,2007-06-30
Oklahoma,10,2007-06-30
Oregon,62,2007-06-30
Pennsylvania,15,2007-06-30
Rhode Island,73,2007-06-30
South Carolina,18,2007-06-30
South Dakota,0,2007-06-30
Tennessee,6,2007-06-30
Texas,10,2007-06-30
Utah,28,2007-06-30
Vermont,0,2007-06-30
Virginia,17,2007-06-30
Washington,100,2007-06-30
West Virginia,0,2007-06-30
Wisconsin,19,2007-06-30
Wyoming,0,2007-06-30
Alabama,9,2007-07-31
Alaska,0,2007-07-31
Arizona,70,2007-07-31
Arkansas,33,2007-07-31
California,57,2007-07-31
Colorado,36,2007-07-31
Connecticut,61,2007-07-31
Delaware,0,2007-07-31
District of Columbia,23,2007-07-31
Florida,44,2007-07-31
Georgia,12,2007-07-31
Hawaii,0,2007-07-31
Idaho,0,2007-07-31
Illinois,19,2007-07-31
Indiana,0,2007-07-31
Iowa,12,2007-07-31
Kansas,20,2007-07-31
Kentucky,7,2007-07-31
Louisiana,9,2007-07-31
Maine,0,2007-07-31
Maryland,48,2007-07-31
Massachusetts,46,2007-07-31
Michigan,18,2007-07-31
Minnesota,4,2007-07-31
Mississippi,0,2007-07-31
Missouri,11,2007-07-31
Montana,0,2007-07-31
Nebraska,0,2007-07-31
Nevada,55,2007-07-31
New Hampshire,18,2007-07-31
New Jersey,12,2007-07-31
New Mexico,37,2007-07-31
New York,22,2007-07-31
North Carolina,11,2007-07-31
North Dakota,0,2007-07-31
Ohio,33,2007-07-31
Oklahoma,0,2007-07-31
Oregon,57,2007-07-31
Pennsylvania,22,2007-07-31
Rhode Island,19,2007-07-31
South Carolina,17,2007-07-31
South Dakota,0,2007-07-31
Tennessee,17,2007-07-31
Texas,29,2007-07-31
Utah,47,2007-07-31
Vermont,88,2007-07-31
Virginia,14,2007-07-31
Washington,100,2007-07-31
West Virginia,0,2007-07-31
Wisconsin,9,2007-07-31
Wyoming,55,2007-07-31
Alabama,0,2007-08-31
Alaska,0,2007-08-31
Arizona,59,2007-08-31
Arkansas,0,2007-08-31
California,54,2007-08-31
Colorado,35,2007-08-31
Connecticut,45,2007-08-31
Delaware,49,2007-08-31
District of Columbia,12,2007-08-31
Florida,45,2007-08-31
Georgia,17,2007-08-31
Hawaii,49,2007-08-31
Idaho,0,2007-08-31
Illinois,32,2007-08-31
Indiana,6,2007-08-31
Iowa,0,2007-08-31
Kansas,20,2007-08-31
Kentucky,0,2007-08-31
Louisiana,0,2007-08-31
Maine,0,2007-08-31
Maryland,34,2007-08-31
Massachusetts,23,2007-08-31
Michigan,6,2007-08-31
Minnesota,28,2007-08-31
Mississippi,0,2007-08-31
Missouri,30,2007-08-31
Montana,100,2007-08-31
Nebraska,0,2007-08-31
Nevada,95,2007-08-31
New Hampshire,0,2007-08-31
New Jersey,33,2007-08-31
New Mexico,0,2007-08-31
New York,23,2007-08-31
North Carolina,15,2007-08-31
North Dakota,0,2007-08-31
Ohio,12,2007-08-31
Oklahoma,10,2007-08-31
Oregon,39,2007-08-31
Pennsylvania,19,2007-08-31
Rhode Island,18,2007-08-31
South Carolina,18,2007-08-31
South Dakota,0,2007-08-31
Tennessee,12,2007-08-31
Texas,12,2007-08-31
Utah,29,2007-08-31
Vermont,0,2007-08-31
Virginia,19,2007-08-31
Washington,69,2007-08-31
West Virginia,0,2007-08-31
Wisconsin,5,2007-08-31
Wyoming,57,2007-08-31
Alabama,9,2007-09-30
Alaska,0,2007-09-30
Arizona,46,2007-09-30
Arkansas,0,2007-09-30
California,63,2007-09-30
Colorado,21,2007-09-30
Connecticut,46,2007-09-30
Delaware,0,2007-09-30
District of Columbia,39,2007-09-30
Florida,42,2007-09-30
Georgia,12,2007-09-30
Hawaii,0,2007-09-30
Idaho,0,2007-09-30
Illinois,20,2007-09-30
Indiana,12,2007-09-30
Iowa,0,2007-09-30
Kansas,0,2007-09-30
Kentucky,6,2007-09-30
Louisiana,0,2007-09-30
Maine,0,2007-09-30
Maryland,42,2007-09-30
Massachusetts,55,2007-09-30
Michigan,30,2007-09-30
Minnesota,18,2007-09-30
Mississippi,0,2007-09-30
Missouri,20,2007-09-30
Montana,0,2007-09-30
Nebraska,0,2007-09-30
Nevada,33,2007-09-30
New Hampshire,33,2007-09-30
New Jersey,16,2007-09-30
New Mexico,0,2007-09-30
New York,22,2007-09-30
North Carolina,5,2007-09-30
North Dakota,0,2007-09-30
Ohio,20,2007-09-30
Oklahoma,18,2007-09-30
Oregon,59,2007-09-30
Pennsylvania,32,2007-09-30
Rhode Island,0,2007-09-30
South Carolina,41,2007-09-30
South Dakota,0,2007-09-30
Tennessee,33,2007-09-30
Texas,16,2007-09-30
Utah,34,2007-09-30
Vermont,0,2007-09-30
Virginia,22,2007-09-30
Washington,100,2007-09-30
West Virginia,0,2007-09-30
Wisconsin,17,2007-09-30
Wyoming,0,2007-09-30
Alabama,9,2007-10-31
Alaska,0,2007-10-31
Arizona,45,2007-10-31
Arkansas,32,2007-10-31
California,50,2007-10-31
Colorado,41,2007-10-31
Connecticut,32,2007-10-31
Delaware,0,2007-10-31
District of Columbia,38,2007-10-31
Florida,39,2007-10-31
Georgia,9,2007-10-31
Hawaii,16,2007-10-31
Idaho,0,2007-10-31
Illinois,29,2007-10-31
Indiana,6,2007-10-31
Iowa,12,2007-10-31
Kansas,0,2007-10-31
Kentucky,0,2007-10-31
Louisiana,0,2007-10-31
Maine,0,2007-10-31
Maryland,21,2007-10-31
Massachusetts,22,2007-10-31
Michigan,0,2007-10-31
Minnesota,15,2007-10-31
Mississippi,17,2007-10-31
Missouri,4,2007-10-31
Montana,0,2007-10-31
Nebraska,15,2007-10-31
Nevada,71,2007-10-31
New Hampshire,0,2007-10-31
New Jersey,29,2007-10-31
New Mexico,19,2007-10-31
New York,15,2007-10-31
North Carolina,20,2007-10-31
North Dakota,0,2007-10-31
Ohio,12,2007-10-31
Oklahoma,0,2007-10-31
Oregon,74,2007-10-31
Pennsylvania,32,2007-10-31
Rhode Island,35,2007-10-31
South Carolina,26,2007-10-31
South Dakota,0,2007-10-31
Tennessee,6,2007-10-31
Texas,36,2007-10-31
Utah,27,2007-10-31
Vermont,0,2007-10-31
Virginia,18,2007-10-31
Washington,100,2007-10-31
West Virginia,0,2007-10-31
Wisconsin,9,2007-10-31
Wyoming,0,2007-10-31
Alabama,0,2007-11-30
Alaska,49,2007-11-30
Arizona,70,2007-11-30
Arkansas,0,2007-11-30
California,74,2007-11-30
Colorado,37,2007-11-30
Connecticut,55,2007-11-30
Delaware,0,2007-11-30
District of Columbia,38,2007-11-30
Florida,59,2007-11-30
Georgia,18,2007-11-30
Hawaii,80,2007-11-30
Idaho,34,2007-11-30
Illinois,31,2007-11-30
Indiana,11,2007-11-30
Iowa,20,2007-11-30
Kansas,0,2007-11-30
Kentucky,0,2007-11-30
Louisiana,0,2007-11-30
Maine,0,2007-11-30
Maryland,63,2007-11-30
Massachusetts,34,2007-11-30
Michigan,26,2007-11-30
Minnesota,32,2007-11-30
Mississippi,31,2007-11-30
Missouri,24,2007-11-30
Montana,0,2007-11-30
Nebraska,0,2007-11-30
Nevada,59,2007-11-30
New Hampshire,30,2007-11-30
New Jersey,43,2007-11-30
New Mexico,33,2007-11-30
New York,28,2007-11-30
North Carolina,39,2007-11-30
North Dakota,0,2007-11-30
Ohio,20,2007-11-30
Oklahoma,0,2007-11-30
Oregon,98,2007-11-30
Pennsylvania,30,2007-11-30
Rhode Island,30,2007-11-30
South Carolina,60,2007-11-30
South Dakota,0,2007-11-30
Tennessee,0,2007-11-30
Texas,33,2007-11-30
Utah,94,2007-11-30
Vermont,70,2007-11-30
Virginia,43,2007-11-30
Washington,100,2007-11-30
West Virginia,65,2007-11-30
Wisconsin,15,2007-11-30
Wyoming,0,2007-11-30
Alabama,9,2007-12-31
Alaska,28,2007-12-31
Arizona,82,2007-12-31
Arkansas,16,2007-12-31
California,52,2007-12-31
Colorado,34,2007-12-31
Connecticut,48,2007-12-31
Delaware,0,2007-12-31
District of Columbia,27,2007-12-31
Florida,52,2007-12-31
Georgia,12,2007-12-31
Hawaii,0,2007-12-31
Idaho,0,2007-12-31
Illinois,43,2007-12-31
Indiana,6,2007-12-31
Iowa,11,2007-12-31
Kansas,9,2007-12-31
Kentucky,12,2007-12-31
Louisiana,0,2007-12-31
Maine,0,2007-12-31
Maryland,28,2007-12-31
Massachusetts,57,2007-12-31
Michigan,9,2007-12-31
Minnesota,36,2007-12-31
Mississippi,0,2007-12-31
Missouri,17,2007-12-31
Montana,0,2007-12-31
Nebraska,0,2007-12-31
Nevada,100,2007-12-31
New Hampshire,17,2007-12-31
New Jersey,37,2007-12-31
New Mexico,0,2007-12-31
New York,29,2007-12-31
North Carolina,24,2007-12-31
North Dakota,0,2007-12-31
Ohio,16,2007-12-31
Oklahoma,0,2007-12-31
Oregon,39,2007-12-31
Pennsylvania,28,2007-12-31
Rhode Island,0,2007-12-31
South Carolina,17,2007-12-31
South Dakota,30,2007-12-31
Tennessee,5,2007-12-31
Texas,21,2007-12-31
Utah,26,2007-12-31
Vermont,0,2007-12-31
Virginia,18,2007-12-31
Washington,100,2007-12-31
West Virginia,36,2007-12-31
Wisconsin,9,2007-12-31
Wyoming,0,2007-12-31
Alabama,0,2008-01-31
Alaska,0,2008-01-31
Arizona,85,2008-01-31
Arkansas,0,2008-01-31
California,94,2008-01-31
Colorado,59,2008-01-31
Connecticut,52,2008-01-31
Delaware,0,2008-01-31
District of Columbia,46,2008-01-31
Florida,57,2008-01-31
Georgia,37,2008-01-31
Hawaii,0,2008-01-31
Idaho,0,2008-01-31
Illinois,50,2008-01-31
Indiana,7,2008-01-31
Iowa,13,2008-01-31
Kansas,11,2008-01-31
Kentucky,0,2008-01-31
Louisiana,0,2008-01-31
Maine,0,2008-01-31
Maryland,23,2008-01-31
Massachusetts,62,2008-01-31
Michigan,17,2008-01-31
Minnesota,38,2008-01-31
Mississippi,0,2008-01-31
Missouri,39,2008-01-31
Montana,0,2008-01-31
Nebraska,17,2008-01-31
Nevada,81,2008-01-31
New Hampshire,21,2008-01-31
New Jersey,62,2008-01-31
New Mexico,23,2008-01-31
New York,17,2008-01-31
North Carolina,26,2008-01-31
North Dakota,0,2008-01-31
Ohio,27,2008-01-31
Oklahoma,34,2008-01-31
Oregon,56,2008-01-31
Pennsylvania,29,2008-01-31
Rhode Island,0,2008-01-31
South Carolina,30,2008-01-31
South Dakota,0,2008-01-31
Tennessee,53,2008-01-31
Texas,27,2008-01-31
Utah,63,2008-01-31
Vermont,0,2008-01-31
Virginia,36,2008-01-31
Washington,100,2008-01-31
West Virginia,0,2008-01-31
Wisconsin,10,2008-01-31
Wyoming,0,2008-01-31
Alabama,9,2008-02-29
Alaska,0,2008-02-29
Arizona,77,2008-02-29
Arkansas,0,2008-02-29
California,74,2008-02-29
Colorado,41,2008-02-29
Connecticut,59,2008-02-29
Delaware,44,2008-02-29
District of Columbia,18,2008-02-29
Florida,71,2008-02-29
Georgia,15,2008-02-29
Hawaii,32,2008-02-29
Idaho,20,2008-02-29
Illinois,31,2008-02-29
Indiana,13,2008-02-29
Iowa,0,2008-02-29
Kansas,10,2008-02-29
Kentucky,9,2008-02-29
Louisiana,9,2008-02-29
Maine,0,2008-02-29
Maryland,52,2008-02-29
Massachusetts,79,2008-02-29
Michigan,18,2008-02-29
Minnesota,41,2008-02-29
Mississippi,0,2008-02-29
Missouri,20,2008-02-29
Montana,0,2008-02-29
Nebraska,14,2008-02-29
Nevada,67,2008-02-29
New Hampshire,18,2008-02-29
New Jersey,45,2008-02-29
New Mexico,60,2008-02-29
New York,34,2008-02-29
North Carolina,28,2008-02-29
North Dakota,0,2008-02-29
Ohio,12,2008-02-29
Oklahoma,20,2008-02-29
Oregon,92,2008-02-29
Pennsylvania,32,2008-02-29
Rhode Island,52,2008-02-29
South Carolina,17,2008-02-29
South Dakota,0,2008-02-29
Tennessee,29,2008-02-29
Texas,18,2008-02-29
Utah,35,2008-02-29
Vermont,38,2008-02-29
Virginia,21,2008-02-29
Washington,100,2008-02-29
West Virginia,0,2008-02-29
Wisconsin,18,2008-02-29
Wyoming,0,2008-02-29
Alabama,0,2008-03-31
Alaska,0,2008-03-31
Arizona,47,2008-03-31
Arkansas,28,2008-03-31
California,77,2008-03-31
Colorado,50,2008-03-31
Connecticut,52,2008-03-31
Delaware,0,2008-03-31
District of Columbia,33,2008-03-31
Florida,37,2008-03-31
Georgia,22,2008-03-31
Hawaii,30,2008-03-31
Idaho,20,2008-03-31
Illinois,33,2008-03-31
Indiana,17,2008-03-31
Iowa,0,2008-03-31
Kansas,0,2008-03-31
Kentucky,0,2008-03-31
Louisiana,8,2008-03-31
Maine,0,2008-03-31
Maryland,42,2008-03-31
Massachusetts,62,2008-03-31
Michigan,17,2008-03-31
Minnesota,44,2008-03-31
Mississippi,0,2008-03-31
Missouri,37,2008-03-31
Montana,29,2008-03-31
Nebraska,26,2008-03-31
Nevada,61,2008-03-31
New Hampshire,17,2008-03-31
New Jersey,38,2008-03-31
New Mexico,36,2008-03-31
New York,37,2008-03-31
North Carolina,34,2008-03-31
North Dakota,0,2008-03-31
Ohio,22,2008-03-31
Oklahoma,18,2008-03-31
Oregon,83,2008-03-31
Pennsylvania,37,2008-03-31
Rhode Island,50,2008-03-31
South Carolina,16,2008-03-31
South Dakota,0,2008-03-31
Tennessee,27,2008-03-31
Texas,31,2008-03-31
Utah,60,2008-03-31
Vermont,0,2008-03-31
Virginia,15,2008-03-31
Washington,100,2008-03-31
West Virginia,66,2008-03-31
Wisconsin,16,2008-03-31
Wyoming,91,2008-03-31
Alabama,0,2008-04-30
Alaska,27,2008-04-30
Arizona,61,2008-04-30
Arkansas,0,2008-04-30
California,77,2008-04-30
Colorado,36,2008-04-30
Connecticut,51,2008-04-30
Delaware,36,2008-04-30
District of Columbia,40,2008-04-30
Florida,46,2008-04-30
Georgia,20,2008-04-30
Hawaii,13,2008-04-30
Idaho,55,2008-04-30
Illinois,26,2008-04-30
Indiana,6,2008-04-30
Iowa,10,2008-04-30
Kansas,0,2008-04-30
Kentucky,8,2008-04-30
Louisiana,0,2008-04-30
Maine,15,2008-04-30
Maryland,45,2008-04-30
Massachusetts,49,2008-04-30
Michigan,15,2008-04-30
Minnesota,16,2008-04-30
Mississippi,58,2008-04-30
Missouri,20,2008-04-30
Montana,28,2008-04-30
Nebraska,0,2008-04-30
Nevada,63,2008-04-30
New Hampshire,0,2008-04-30
New Jersey,22,2008-04-30
New Mexico,0,2008-04-30
New York,29,2008-04-30
North Carolina,28,2008-04-30
North Dakota,36,2008-04-30
Ohio,10,2008-04-30
Oklahoma,25,2008-04-30
Oregon,69,2008-04-30
Pennsylvania,34,2008-04-30
Rhode Island,31,2008-04-30
South Carolina,45,2008-04-30
South Dakota,0,2008-04-30
Tennessee,15,2008-04-30
Texas,23,2008-04-30
Utah,24,2008-04-30
Vermont,0,2008-04-30
Virginia,28,2008-04-30
Washington,100,2008-04-30
West Virginia,0,2008-04-30
Wisconsin,19,2008-04-30
Wyoming,0,2008-04-30
Alabama,0,2008-05-31
Alaska,26,2008-05-31
Arizona,81,2008-05-31
Arkansas,14,2008-05-31
California,68,2008-05-31
Colorado,65,2008-05-31
Connecticut,59,2008-05-31
Delaware,44,2008-05-31
District of Columbia,50,2008-05-31
Florida,35,2008-05-31
Georgia,28,2008-05-31
Hawaii,29,2008-05-31
Idaho,39,2008-05-31
Illinois,21,2008-05-31
Indiana,0,2008-05-31
Iowa,12,2008-05-31
Kansas,0,2008-05-31
Kentucky,9,2008-05-31
Louisiana,0,2008-05-31
Maine,0,2008-05-31
Maryland,22,2008-05-31
Massachusetts,58,2008-05-31
Michigan,20,2008-05-31
Minnesota,21,2008-05-31
Mississippi,15,2008-05-31
Missouri,15,2008-05-31
Montana,0,2008-05-31
Nebraska,0,2008-05-31
Nevada,100,2008-05-31
New Hampshire,16,2008-05-31
New Jersey,33,2008-05-31
New Mexico,0,2008-05-31
New York,28,2008-05-31
North Carolina,23,2008-05-31
North Dakota,0,2008-05-31
Ohio,17,2008-05-31
Oklahoma,9,2008-05-31
Oregon,66,2008-05-31
Pennsylvania,27,2008-05-31
Rhode Island,0,2008-05-31
South Carolina,56,2008-05-31
South Dakota,0,2008-05-31
Tennessee,27,2008-05-31
Texas,18,2008-05-31
Utah,43,2008-05-31
Vermont,80,2008-05-31
Virginia,28,2008-05-31
Washington,68,2008-05-31
West Virginia,37,2008-05-31
Wisconsin,29,2008-05-31
Wyoming,0,2008-05-31
Alabama,8,2008-06-30
Alaska,0,2008-06-30
Arizona,85,2008-06-30
Arkansas,29,2008-06-30
California,67,2008-06-30
Colorado,57,2008-06-30
Connecticut,52,2008-06-30
Delaware,43,2008-06-30
District of Columbia,39,2008-06-30
Florida,55,2008-06-30
Georgia,37,2008-06-30
Hawaii,15,2008-06-30
Idaho,0,2008-06-30
Illinois,33,2008-06-30
Indiana,6,2008-06-30
Iowa,35,2008-06-30
Kansas,0,2008-06-30
Kentucky,8,2008-06-30
Louisiana,0,2008-06-30
Maine,0,2008-06-30
Maryland,39,2008-06-30
Massachusetts,75,2008-06-30
Michigan,26,2008-06-30
Minnesota,35,2008-06-30
Mississippi,0,2008-06-30
Missouri,43,2008-06-30
Montana,0,2008-06-30
Nebraska,28,2008-06-30
Nevada,100,2008-06-30
New Hampshire,17,2008-06-30
New Jersey,32,2008-06-30
New Mexico,18,2008-06-30
New York,31,2008-06-30
North Carolina,23,2008-06-30
North Dakota,0,2008-06-30
Ohio,40,2008-06-30
Oklahoma,17,2008-06-30
Oregon,98,2008-06-30
Pennsylvania,34,2008-06-30
Rhode Island,17,2008-06-30
South Carolina,0,2008-06-30
South Dakota,0,2008-06-30
Tennessee,16,2008-06-30
Texas,26,2008-06-30
Utah,54,2008-06-30
Vermont,40,2008-06-30
Virginia,23,2008-06-30
Washington,89,2008-06-30
West Virginia,36,2008-06-30
Wisconsin,21,2008-06-30
Wyoming,96,2008-06-30
Alabama,13,2008-07-31
Alaska,21,2008-07-31
Arizona,68,2008-07-31
Arkansas,12,2008-07-31
California,56,2008-07-31
Colorado,23,2008-07-31
Connecticut,34,2008-07-31
Delaware,0,2008-07-31
District of Columbia,29,2008-07-31
Florida,50,2008-07-31
Georgia,18,2008-07-31
Hawaii,35,2008-07-31
Idaho,0,2008-07-31
Illinois,22,2008-07-31
Indiana,10,2008-07-31
Iowa,0,2008-07-31
Kansas,14,2008-07-31
Kentucky,0,2008-07-31
Louisiana,6,2008-07-31
Maine,42,2008-07-31
Maryland,42,2008-07-31
Massachusetts,40,2008-07-31
Michigan,19,2008-07-31
Minnesota,35,2008-07-31
Mississippi,12,2008-07-31
Missouri,29,2008-07-31
Montana,25,2008-07-31
Nebraska,0,2008-07-31
Nevada,53,2008-07-31
New Hampshire,0,2008-07-31
New Jersey,39,2008-07-31
New Mexico,29,2008-07-31
New York,29,2008-07-31
North Carolina,20,2008-07-31
North Dakota,0,2008-07-31
Ohio,29,2008-07-31
Oklahoma,21,2008-07-31
Oregon,65,2008-07-31
Pennsylvania,34,2008-07-31
Rhode Island,0,2008-07-31
South Carolina,19,2008-07-31
South Dakota,0,2008-07-31
Tennessee,39,2008-07-31
Texas,25,2008-07-31
Utah,43,2008-07-31
Vermont,34,2008-07-31
Virginia,17,2008-07-31
Washington,100,2008-07-31
West Virginia,29,2008-07-31
Wisconsin,21,2008-07-31
Wyoming,0,2008-07-31
Alabama,5,2008-08-31
Alaska,0,2008-08-31
Arizona,64,2008-08-31
Arkansas,0,2008-08-31
California,52,2008-08-31
Colorado,37,2008-08-31
Connecticut,46,2008-08-31
Delaware,0,2008-08-31
District of Columbia,40,2008-08-31
Florida,50,2008-08-31
Georgia,17,2008-08-31
Hawaii,0,2008-08-31
Idaho,14,2008-08-31
Illinois,31,2008-08-31
Indiana,8,2008-08-31
Iowa,0,2008-08-31
Kansas,18,2008-08-31
Kentucky,6,2008-08-31
Louisiana,0,2008-08-31
Maine,23,2008-08-31
Maryland,32,2008-08-31
Massachusetts,41,2008-08-31
Michigan,14,2008-08-31
Minnesota,10,2008-08-31
Mississippi,30,2008-08-31
Missouri,19,2008-08-31
Montana,21,2008-08-31
Nebraska,9,2008-08-31
Nevada,100,2008-08-31
New Hampshire,0,2008-08-31
New Jersey,39,2008-08-31
New Mexico,12,2008-08-31
New York,20,2008-08-31
North Carolina,19,2008-08-31
North Dakota,27,2008-08-31
Ohio,11,2008-08-31
Oklahoma,12,2008-08-31
Oregon,28,2008-08-31
Pennsylvania,28,2008-08-31
Rhode Island,21,2008-08-31
South Carolina,27,2008-08-31
South Dakota,0,2008-08-31
Tennessee,29,2008-08-31
Texas,22,2008-08-31
Utah,6,2008-08-31
Vermont,25,2008-08-31
Virginia,21,2008-08-31
Washington,43,2008-08-31
West Virginia,23,2008-08-31
Wisconsin,12,2008-08-31
Wyoming,66,2008-08-31
Alabama,0,2008-09-30
Alaska,19,2008-09-30
Arizona,78,2008-09-30
Arkansas,10,2008-09-30
California,62,2008-09-30
Colorado,52,2008-09-30
Connecticut,41,2008-09-30
Delaware,29,2008-09-30
District of Columbia,32,2008-09-30
Florida,59,2008-09-30
Georgia,15,2008-09-30
Hawaii,11,2008-09-30
Idaho,0,2008-09-30
Illinois,27,2008-09-30
Indiana,4,2008-09-30
Iowa,0,2008-09-30
Kansas,7,2008-09-30
Kentucky,6,2008-09-30
Louisiana,0,2008-09-30
Maine,0,2008-09-30
Maryland,26,2008-09-30
Massachusetts,49,2008-09-30
Michigan,23,2008-09-30
Minnesota,20,2008-09-30
Mississippi,0,2008-09-30
Missouri,20,2008-09-30
Montana,0,2008-09-30
Nebraska,0,2008-09-30
Nevada,100,2008-09-30
New Hampshire,24,2008-09-30
New Jersey,40,2008-09-30
New Mexico,66,2008-09-30
New York,22,2008-09-30
North Carolina,18,2008-09-30
North Dakota,0,2008-09-30
Ohio,32,2008-09-30
Oklahoma,19,2008-09-30
Oregon,54,2008-09-30
Pennsylvania,32,2008-09-30
Rhode Island,35,2008-09-30
South Carolina,46,2008-09-30
South Dakota,22,2008-09-30
Tennessee,8,2008-09-30
Texas,12,2008-09-30
Utah,43,2008-09-30
Vermont,78,2008-09-30
Virginia,19,2008-09-30
Washington,66,2008-09-30
West Virginia,0,2008-09-30
Wisconsin,9,2008-09-30
Wyoming,34,2008-09-30
Alabama,15,2008-10-31
Alaska,24,2008-10-31
Arizona,79,2008-10-31
Arkansas,13,2008-10-31
California,82,2008-10-31
Colorado,64,2008-10-31
Connecticut,24,2008-10-31
Delaware,38,2008-10-31
District of Columbia,41,2008-10-31
Florida,40,2008-10-31
Georgia,18,2008-10-31
Hawaii,43,2008-10-31
Idaho,19,2008-10-31
Illinois,31,2008-10-31
Indiana,5,2008-10-31
Iowa,10,2008-10-31
Kansas,17,2008-10-31
Kentucky,0,2008-10-31
Louisiana,7,2008-10-31
Maine,15,2008-10-31
Maryland,41,2008-10-31
Massachusetts,28,2008-10-31
Michigan,21,2008-10-31
Minnesota,10,2008-10-31
Mississippi,14,2008-10-31
Missouri,26,2008-10-31
Montana,29,2008-10-31
Nebraska,0,2008-10-31
Nevada,100,2008-10-31
New Hampshire,0,2008-10-31
New Jersey,39,2008-10-31
New Mexico,17,2008-10-31
New York,34,2008-10-31
North Carolina,5,2008-10-31
North Dakota,0,2008-10-31
Ohio,19,2008-10-31
Oklahoma,16,2008-10-31
Oregon,42,2008-10-31
Pennsylvania,27,2008-10-31
Rhode Island,92,2008-10-31
South Carolina,22,2008-10-31
South Dakota,0,2008-10-31
Tennessee,30,2008-10-31
Texas,27,2008-10-31
Utah,25,2008-10-31
Vermont,36,2008-10-31
Virginia,21,2008-10-31
Washington,80,2008-10-31
West Virginia,0,2008-10-31
Wisconsin,24,2008-10-31
Wyoming,0,2008-10-31
Alabama,14,2008-11-30
Alaska,44,2008-11-30
Arizona,100,2008-11-30
Arkansas,24,2008-11-30
California,72,2008-11-30
Colorado,52,2008-11-30
Connecticut,78,2008-11-30
Delaware,70,2008-11-30
District of Columbia,31,2008-11-30
Florida,61,2008-11-30
Georgia,18,2008-11-30
Hawaii,39,2008-11-30
Idaho,17,2008-11-30
Illinois,45,2008-11-30
Indiana,10,2008-11-30
Iowa,0,2008-11-30
Kansas,15,2008-11-30
Kentucky,7,2008-11-30
Louisiana,0,2008-11-30
Maine,14,2008-11-30
Maryland,41,2008-11-30
Massachusetts,41,2008-11-30
Michigan,22,2008-11-30
Minnesota,49,2008-11-30
Mississippi,13,2008-11-30
Missouri,30,2008-11-30
Montana,0,2008-11-30
Nebraska,12,2008-11-30
Nevada,33,2008-11-30
New Hampshire,15,2008-11-30
New Jersey,23,2008-11-30
New Mexico,16,2008-11-30
New York,31,2008-11-30
North Carolina,35,2008-11-30
North Dakota,0,2008-11-30
Ohio,23,2008-11-30
Oklahoma,30,2008-11-30
Oregon,95,2008-11-30
Pennsylvania,35,2008-11-30
Rhode Island,14,2008-11-30
South Carolina,14,2008-11-30
South Dakota,0,2008-11-30
Tennessee,27,2008-11-30
Texas,24,2008-11-30
Utah,54,2008-11-30
Vermont,0,2008-11-30
Virginia,24,2008-11-30
Washington,61,2008-11-30
West Virginia,0,2008-11-30
Wisconsin,11,2008-11-30
Wyoming,39,2008-11-30
Alabama,13,2008-12-31
Alaska,21,2008-12-31
Arizona,100,2008-12-31
Arkansas,59,2008-12-31
California,78,2008-12-31
Colorado,53,2008-12-31
Connecticut,60,2008-12-31
Delaware,0,2008-12-31
District of Columbia,43,2008-12-31
Florida,80,2008-12-31
Georgia,20,2008-12-31
Hawaii,0,2008-12-31
Idaho,0,2008-12-31
Illinois,47,2008-12-31
Indiana,19,2008-12-31
Iowa,0,2008-12-31
Kansas,7,2008-12-31
Kentucky,34,2008-12-31
Louisiana,13,2008-12-31
Maine,39,2008-12-31
Maryland,90,2008-12-31
Massachusetts,60,2008-12-31
Michigan,26,2008-12-31
Minnesota,21,2008-12-31
Mississippi,0,2008-12-31
Missouri,31,2008-12-31
Montana,0,2008-12-31
Nebraska,22,2008-12-31
Nevada,70,2008-12-31
New Hampshire,14,2008-12-31
New Jersey,49,2008-12-31
New Mexico,60,2008-12-31
New York,40,2008-12-31
North Carolina,22,2008-12-31
North Dakota,31,2008-12-31
Ohio,25,2008-12-31
Oklahoma,29,2008-12-31
Oregon,67,2008-12-31
Pennsylvania,42,2008-12-31
Rhode Island,28,2008-12-31
South Carolina,20,2008-12-31
South Dakota,25,2008-12-31
Tennessee,30,2008-12-31
Texas,34,2008-12-31
Utah,73,2008-12-31
Vermont,62,2008-12-31
Virginia,29,2008-12-31
Washington,88,2008-12-31
West Virginia,0,2008-12-31
Wisconsin,7,2008-12-31
Wyoming,38,2008-12-31
Alabama,5,2009-01-31
Alaska,0,2009-01-31
Arizona,65,2009-01-31
Arkansas,18,2009-01-31
California,64,2009-01-31
Colorado,56,2009-01-31
Connecticut,47,2009-01-31
Delaware,26,2009-01-31
District of Columbia,58,2009-01-31
Florida,58,2009-01-31
Georgia,19,2009-01-31
Hawaii,0,2009-01-31
Idaho,13,2009-01-31
Illinois,33,2009-01-31
Indiana,11,2009-01-31
Iowa,0,2009-01-31
Kansas,6,2009-01-31
Kentucky,0,2009-01-31
Louisiana,10,2009-01-31
Maine,22,2009-01-31
Maryland,53,2009-01-31
Massachusetts,64,2009-01-31
Michigan,17,2009-01-31
Minnesota,34,2009-01-31
Mississippi,30,2009-01-31
Missouri,30,2009-01-31
Montana,62,2009-01-31
Nebraska,17,2009-01-31
Nevada,100,2009-01-31
New Hampshire,22,2009-01-31
New Jersey,33,2009-01-31
New Mexico,12,2009-01-31
New York,31,2009-01-31
North Carolina,24,2009-01-31
North Dakota,0,2009-01-31
Ohio,34,2009-01-31
Oklahoma,11,2009-01-31
Oregon,44,2009-01-31
Pennsylvania,35,2009-01-31
Rhode Island,32,2009-01-31
South Carolina,26,2009-01-31
South Dakota,0,2009-01-31
Tennessee,20,2009-01-31
Texas,25,2009-01-31
Utah,11,2009-01-31
Vermont,24,2009-01-31
Virginia,19,2009-01-31
Washington,71,2009-01-31
West Virginia,0,2009-01-31
Wisconsin,3,2009-01-31
Wyoming,0,2009-01-31
Alabama,13,2009-02-28
Alaska,59,2009-02-28
Arizona,94,2009-02-28
Arkansas,11,2009-02-28
California,81,2009-02-28
Colorado,71,2009-02-28
Connecticut,66,2009-02-28
Delaware,0,2009-02-28
District of Columbia,58,2009-02-28
Florida,62,2009-02-28
Georgia,32,2009-02-28
Hawaii,47,2009-02-28
Idaho,0,2009-02-28
Illinois,52,2009-02-28
Indiana,4,2009-02-28
Iowa,0,2009-02-28
Kansas,13,2009-02-28
Kentucky,12,2009-02-28
Louisiana,6,2009-02-28
Maine,36,2009-02-28
Maryland,74,2009-02-28
Massachusetts,56,2009-02-28
Michigan,40,2009-02-28
Minnesota,16,2009-02-28
Mississippi,12,2009-02-28
Missouri,43,2009-02-28
Montana,0,2009-02-28
Nebraska,0,2009-02-28
Nevada,100,2009-02-28
New Hampshire,25,2009-02-28
New Jersey,35,2009-02-28
New Mexico,44,2009-02-28
New York,33,2009-02-28
North Carolina,28,2009-02-28
North Dakota,0,2009-02-28
Ohio,40,2009-02-28
Oklahoma,48,2009-02-28
Oregon,84,2009-02-28
Pennsylvania,30,2009-02-28
Rhode Island,74,2009-02-28
South Carolina,36,2009-02-28
South Dakota,0,2009-02-28
Tennessee,32,2009-02-28
Texas,34,2009-02-28
Utah,0,2009-02-28
Vermont,28,2009-02-28
Virginia,22,2009-02-28
Washington,93,2009-02-28
West Virginia,0,2009-02-28
Wisconsin,13,2009-02-28
Wyoming,34,2009-02-28
Alabama,19,2009-03-31
Alaska,60,2009-03-31
Arizona,100,2009-03-31
Arkansas,11,2009-03-31
California,80,2009-03-31
Colorado,40,2009-03-31
Connecticut,83,2009-03-31
Delaware,0,2009-03-31
District of Columbia,41,2009-03-31
Florida,54,2009-03-31
Georgia,37,2009-03-31
Hawaii,24,2009-03-31
Idaho,0,2009-03-31
Illinois,43,2009-03-31
Indiana,17,2009-03-31
Iowa,18,2009-03-31
Kansas,27,2009-03-31
Kentucky,0,2009-03-31
Louisiana,12,2009-03-31
Maine,0,2009-03-31
Maryland,38,2009-03-31
Massachusetts,60,2009-03-31
Michigan,33,2009-03-31
Minnesota,30,2009-03-31
Mississippi,36,2009-03-31
Missouri,44,2009-03-31
Montana,0,2009-03-31
Nebraska,21,2009-03-31
Nevada,52,2009-03-31
New Hampshire,0,2009-03-31
New Jersey,47,2009-03-31
New Mexico,60,2009-03-31
New York,45,2009-03-31
North Carolina,39,2009-03-31
North Dakota,29,2009-03-31
Ohio,27,2009-03-31
Oklahoma,21,2009-03-31
Oregon,71,2009-03-31
Pennsylvania,29,2009-03-31
Rhode Island,64,2009-03-31
South Carolina,39,2009-03-31
South Dakota,0,2009-03-31
Tennessee,53,2009-03-31
Texas,31,2009-03-31
Utah,28,2009-03-31
Vermont,0,2009-03-31
Virginia,27,2009-03-31
Washington,67,2009-03-31
West Virginia,26,2009-03-31
Wisconsin,36,2009-03-31
Wyoming,0,2009-03-31
Alabama,14,2009-04-30
Alaska,44,2009-04-30
Arizona,93,2009-04-30
Arkansas,12,2009-04-30
California,77,2009-04-30
Colorado,33,2009-04-30
Connecticut,94,2009-04-30
Delaware,0,2009-04-30
District of Columbia,63,2009-04-30
Florida,68,2009-04-30
Georgia,41,2009-04-30
Hawaii,0,2009-04-30
Idaho,0,2009-04-30
Illinois,52,2009-04-30
Indiana,9,2009-04-30
Iowa,21,2009-04-30
Kansas,22,2009-04-30
Kentucky,7,2009-04-30
Louisiana,6,2009-04-30
Maine,0,2009-04-30
Maryland,86,2009-04-30
Massachusetts,62,2009-04-30
Michigan,18,2009-04-30
Minnesota,52,2009-04-30
Mississippi,13,2009-04-30
Missouri,41,2009-04-30
Montana,30,2009-04-30
Nebraska,12,2009-04-30
Nevada,100,2009-04-30
New Hampshire,27,2009-04-30
New Jersey,65,2009-04-30
New Mexico,16,2009-04-30
New York,43,2009-04-30
North Carolina,28,2009-04-30
North Dakota,0,2009-04-30
Ohio,41,2009-04-30
Oklahoma,30,2009-04-30
Oregon,74,2009-04-30
Pennsylvania,47,2009-04-30
Rhode Island,73,2009-04-30
South Carolina,28,2009-04-30
South Dakota,26,2009-04-30
Tennessee,45,2009-04-30
Texas,39,2009-04-30
Utah,31,2009-04-30
Vermont,0,2009-04-30
Virginia,18,2009-04-30
Washington,87,2009-04-30
West Virginia,29,2009-04-30
Wisconsin,21,2009-04-30
Wyoming,0,2009-04-30
Alabama,25,2009-05-31
Alaska,53,2009-05-31
Arizona,90,2009-05-31
Arkansas,44,2009-05-31
California,87,2009-05-31
Colorado,70,2009-05-31
Connecticut,87,2009-05-31
Delaware,43,2009-05-31
District of Columbia,66,2009-05-31
Florida,66,2009-05-31
Georgia,48,2009-05-31
Hawaii,32,2009-05-31
Idaho,0,2009-05-31
Illinois,38,2009-05-31
Indiana,18,2009-05-31
Iowa,14,2009-05-31
Kansas,28,2009-05-31
Kentucky,8,2009-05-31
Louisiana,23,2009-05-31
Maine,0,2009-05-31
Maryland,20,2009-05-31
Massachusetts,55,2009-05-31
Michigan,29,2009-05-31
Minnesota,40,2009-05-31
Mississippi,32,2009-05-31
Missouri,57,2009-05-31
Montana,0,2009-05-31
Nebraska,29,2009-05-31
Nevada,100,2009-05-31
New Hampshire,33,2009-05-31
New Jersey,41,2009-05-31
New Mexico,20,2009-05-31
New York,44,2009-05-31
North Carolina,38,2009-05-31
North Dakota,0,2009-05-31
Ohio,39,2009-05-31
Oklahoma,64,2009-05-31
Oregon,90,2009-05-31
Pennsylvania,41,2009-05-31
Rhode Island,53,2009-05-31
South Carolina,52,2009-05-31
South Dakota,0,2009-05-31
Tennessee,49,2009-05-31
Texas,38,2009-05-31
Utah,38,2009-05-31
Vermont,0,2009-05-31
Virginia,33,2009-05-31
Washington,82,2009-05-31
West Virginia,0,2009-05-31
Wisconsin,18,2009-05-31
Wyoming,0,2009-05-31
Alabama,5,2009-06-30
Alaska,15,2009-06-30
Arizona,81,2009-06-30
Arkansas,26,2009-06-30
California,52,2009-06-30
Colorado,28,2009-06-30
Connecticut,59,2009-06-30
Delaware,0,2009-06-30
District of Columbia,39,2009-06-30
Florida,50,2009-06-30
Georgia,27,2009-06-30
Hawaii,18,2009-06-30
Idaho,0,2009-06-30
Illinois,25,2009-06-30
Indiana,13,2009-06-30
Iowa,8,2009-06-30
Kansas,16,2009-06-30
Kentucky,5,2009-06-30
Louisiana,4,2009-06-30
Maine,0,2009-06-30
Maryland,33,2009-06-30
Massachusetts,56,2009-06-30
Michigan,28,2009-06-30
Minnesota,23,2009-06-30
Mississippi,26,2009-06-30
Missouri,27,2009-06-30
Montana,0,2009-06-30
Nebraska,0,2009-06-30
Nevada,100,2009-06-30
New Hampshire,10,2009-06-30
New Jersey,31,2009-06-30
New Mexico,11,2009-06-30
New York,25,2009-06-30
North Carolina,14,2009-06-30
North Dakota,0,2009-06-30
Ohio,17,2009-06-30
Oklahoma,32,2009-06-30
Oregon,53,2009-06-30
Pennsylvania,27,2009-06-30
Rhode Island,11,2009-06-30
South Carolina,10,2009-06-30
South Dakota,0,2009-06-30
Tennessee,18,2009-06-30
Texas,18,2009-06-30
Utah,28,2009-06-30
Vermont,0,2009-06-30
Virginia,14,2009-06-30
Washington,58,2009-06-30
West Virginia,0,2009-06-30
Wisconsin,13,2009-06-30
Wyoming,0,2009-06-30
Alabama,8,2009-07-31
Alaska,0,2009-07-31
Arizona,69,2009-07-31
Arkansas,21,2009-07-31
California,37,2009-07-31
Colorado,29,2009-07-31
Connecticut,51,2009-07-31
Delaware,66,2009-07-31
District of Columbia,31,2009-07-31
Florida,38,2009-07-31
Georgia,12,2009-07-31
Hawaii,7,2009-07-31
Idaho,36,2009-07-31
Illinois,25,2009-07-31
Indiana,15,2009-07-31
Iowa,0,2009-07-31
Kansas,14,2009-07-31
Kentucky,8,2009-07-31
Louisiana,4,2009-07-31
Maine,0,2009-07-31
Maryland,27,2009-07-31
Massachusetts,31,2009-07-31
Michigan,14,2009-07-31
Minnesota,23,2009-07-31
Mississippi,7,2009-07-31
Missouri,23,2009-07-31
Montana,0,2009-07-31
Nebraska,7,2009-07-31
Nevada,100,2009-07-31
New Hampshire,0,2009-07-31
New Jersey,38,2009-07-31
New Mexico,19,2009-07-31
New York,27,2009-07-31
North Carolina,23,2009-07-31
North Dakota,0,2009-07-31
Ohio,17,2009-07-31
Oklahoma,35,2009-07-31
Oregon,62,2009-07-31
Pennsylvania,20,2009-07-31
Rhode Island,0,2009-07-31
South Carolina,20,2009-07-31
South Dakota,0,2009-07-31
Tennessee,20,2009-07-31
Texas,16,2009-07-31
Utah,33,2009-07-31
Vermont,0,2009-07-31
Virginia,10,2009-07-31
Washington,33,2009-07-31
West Virginia,19,2009-07-31
Wisconsin,15,2009-07-31
Wyoming,0,2009-07-31
Alabama,12,2009-08-31
Alaska,20,2009-08-31
Arizona,67,2009-08-31
Arkansas,0,2009-08-31
California,70,2009-08-31
Colorado,71,2009-08-31
Connecticut,100,2009-08-31
Delaware,0,2009-08-31
District of Columbia,40,2009-08-31
Florida,70,2009-08-31
Georgia,20,2009-08-31
Hawaii,47,2009-08-31
Idaho,0,2009-08-31
Illinois,41,2009-08-31
Indiana,44,2009-08-31
Iowa,0,2009-08-31
Kansas,0,2009-08-31
Kentucky,34,2009-08-31
Louisiana,5,2009-08-31
Maine,13,2009-08-31
Maryland,35,2009-08-31
Massachusetts,48,2009-08-31
Michigan,34,2009-08-31
Minnesota,45,2009-08-31
Mississippi,33,2009-08-31
Missouri,33,2009-08-31
Montana,0,2009-08-31
Nebraska,11,2009-08-31
Nevada,100,2009-08-31
New Hampshire,13,2009-08-31
New Jersey,65,2009-08-31
New Mexico,30,2009-08-31
New York,36,2009-08-31
North Carolina,30,2009-08-31
North Dakota,0,2009-08-31
Ohio,26,2009-08-31
Oklahoma,21,2009-08-31
Oregon,75,2009-08-31
Pennsylvania,51,2009-08-31
Rhode Island,95,2009-08-31
South Carolina,12,2009-08-31
South Dakota,0,2009-08-31
Tennessee,39,2009-08-31
Texas,31,2009-08-31
Utah,7,2009-08-31
Vermont,0,2009-08-31
Virginia,23,2009-08-31
Washington,59,2009-08-31
West Virginia,26,2009-08-31
Wisconsin,20,2009-08-31
Wyoming,0,2009-08-31
Alabama,12,2009-09-30
Alaska,0,2009-09-30
Arizona,99,2009-09-30
Arkansas,21,2009-09-30
California,64,2009-09-30
Colorado,55,2009-09-30
Connecticut,97,2009-09-30
Delaware,61,2009-09-30
District of Columbia,63,2009-09-30
Florida,63,2009-09-30
Georgia,28,2009-09-30
Hawaii,35,2009-09-30
Idaho,18,2009-09-30
Illinois,36,2009-09-30
Indiana,30,2009-09-30
Iowa,9,2009-09-30
Kansas,13,2009-09-30
Kentucky,11,2009-09-30
Louisiana,5,2009-09-30
Maine,0,2009-09-30
Maryland,66,2009-09-30
Massachusetts,43,2009-09-30
Michigan,48,2009-09-30
Minnesota,24,2009-09-30
Mississippi,44,2009-09-30
Missouri,21,2009-09-30
Montana,28,2009-09-30
Nebraska,21,2009-09-30
Nevada,100,2009-09-30
New Hampshire,0,2009-09-30
New Jersey,34,2009-09-30
New Mexico,44,2009-09-30
New York,36,2009-09-30
North Carolina,35,2009-09-30
North Dakota,0,2009-09-30
Ohio,26,2009-09-30
Oklahoma,20,2009-09-30
Oregon,95,2009-09-30
Pennsylvania,32,2009-09-30
Rhode Island,50,2009-09-30
South Carolina,18,2009-09-30
South Dakota,0,2009-09-30
Tennessee,27,2009-09-30
Texas,28,2009-09-30
Utah,21,2009-09-30
Vermont,0,2009-09-30
Virginia,19,2009-09-30
Washington,61,2009-09-30
West Virginia,0,2009-09-30
Wisconsin,28,2009-09-30
Wyoming,0,2009-09-30
Alabama,0,2009-10-31
Alaska,0,2009-10-31
Arizona,72,2009-10-31
Arkansas,21,2009-10-31
California,48,2009-10-31
Colorado,33,2009-10-31
Connecticut,66,2009-10-31
Delaware,31,2009-10-31
District of Columbia,30,2009-10-31
Florida,41,2009-10-31
Georgia,20,2009-10-31
Hawaii,22,2009-10-31
Idaho,0,2009-10-31
Illinois,55,2009-10-31
Indiana,12,2009-10-31
Iowa,18,2009-10-31
Kansas,19,2009-10-31
Kentucky,15,2009-10-31
Louisiana,5,2009-10-31
Maine,0,2009-10-31
Maryland,36,2009-10-31
Massachusetts,44,2009-10-31
Michigan,25,2009-10-31
Minnesota,26,2009-10-31
Mississippi,11,2009-10-31
Missouri,35,2009-10-31
Montana,26,2009-10-31
Nebraska,21,2009-10-31
Nevada,100,2009-10-31
New Hampshire,23,2009-10-31
New Jersey,32,2009-10-31
New Mexico,0,2009-10-31
New York,32,2009-10-31
North Carolina,18,2009-10-31
North Dakota,0,2009-10-31
Ohio,16,2009-10-31
Oklahoma,32,2009-10-31
Oregon,71,2009-10-31
Pennsylvania,26,2009-10-31
Rhode Island,24,2009-10-31
South Carolina,12,2009-10-31
South Dakota,0,2009-10-31
Tennessee,19,2009-10-31
Texas,27,2009-10-31
Utah,21,2009-10-31
Vermont,29,2009-10-31
Virginia,17,2009-10-31
Washington,55,2009-10-31
West Virginia,49,2009-10-31
Wisconsin,19,2009-10-31
Wyoming,40,2009-10-31
Alabama,0,2009-11-30
Alaska,0,2009-11-30
Arizona,81,2009-11-30
Arkansas,23,2009-11-30
California,46,2009-11-30
Colorado,32,2009-11-30
Connecticut,54,2009-11-30
Delaware,100,2009-11-30
District of Columbia,35,2009-11-30
Florida,52,2009-11-30
Georgia,25,2009-11-30
Hawaii,24,2009-11-30
Idaho,69,2009-11-30
Illinois,27,2009-11-30
Indiana,31,2009-11-30
Iowa,10,2009-11-30
Kansas,7,2009-11-30
Kentucky,11,2009-11-30
Louisiana,11,2009-11-30
Maine,0,2009-11-30
Maryland,41,2009-11-30
Massachusetts,52,2009-11-30
Michigan,48,2009-11-30
Minnesota,27,2009-11-30
Mississippi,35,2009-11-30
Missouri,40,2009-11-30
Montana,0,2009-11-30
Nebraska,22,2009-11-30
Nevada,43,2009-11-30
New Hampshire,36,2009-11-30
New Jersey,37,2009-11-30
New Mexico,31,2009-11-30
New York,31,2009-11-30
North Carolina,21,2009-11-30
North Dakota,0,2009-11-30
Ohio,12,2009-11-30
Oklahoma,42,2009-11-30
Oregon,45,2009-11-30
Pennsylvania,44,2009-11-30
Rhode Island,26,2009-11-30
South Carolina,13,2009-11-30
South Dakota,0,2009-11-30
Tennessee,12,2009-11-30
Texas,21,2009-11-30
Utah,23,2009-11-30
Vermont,0,2009-11-30
Virginia,16,2009-11-30
Washington,54,2009-11-30
West Virginia,0,2009-11-30
Wisconsin,16,2009-11-30
Wyoming,0,2009-11-30
Alabama,14,2009-12-31
Alaska,0,2009-12-31
Arizona,78,2009-12-31
Arkansas,9,2009-12-31
California,51,2009-12-31
Colorado,42,2009-12-31
Connecticut,78,2009-12-31
Delaware,26,2009-12-31
District of Columbia,38,2009-12-31
Florida,44,2009-12-31
Georgia,19,2009-12-31
Hawaii,19,2009-12-31
Idaho,26,2009-12-31
Illinois,33,2009-12-31
Indiana,14,2009-12-31
Iowa,0,2009-12-31
Kansas,16,2009-12-31
Kentucky,0,2009-12-31
Louisiana,31,2009-12-31
Maine,0,2009-12-31
Maryland,43,2009-12-31
Massachusetts,52,2009-12-31
Michigan,40,2009-12-31
Minnesota,30,2009-12-31
Mississippi,18,2009-12-31
Missouri,42,2009-12-31
Montana,22,2009-12-31
Nebraska,26,2009-12-31
Nevada,100,2009-12-31
New Hampshire,10,2009-12-31
New Jersey,47,2009-12-31
New Mexico,37,2009-12-31
New York,26,2009-12-31
North Carolina,24,2009-12-31
North Dakota,0,2009-12-31
Ohio,17,2009-12-31
Oklahoma,21,2009-12-31
Oregon,78,2009-12-31
Pennsylvania,40,2009-12-31
Rhode Island,43,2009-12-31
South Carolina,20,2009-12-31
South Dakota,16,2009-12-31
Tennessee,25,2009-12-31
Texas,16,2009-12-31
Utah,18,2009-12-31
Vermont,18,2009-12-31
Virginia,18,2009-12-31
Washington,59,2009-12-31
West Virginia,0,2009-12-31
Wisconsin,3,2009-12-31
Wyoming,32,2009-12-31
Alabama,4,2010-01-31
Alaska,25,2010-01-31
Arizona,60,2010-01-31
Arkansas,21,2010-01-31
California,36,2010-01-31
Colorado,44,2010-01-31
Connecticut,28,2010-01-31
Delaware,20,2010-01-31
District of Columbia,26,2010-01-31
Florida,31,2010-01-31
Georgia,24,2010-01-31
Hawaii,7,2010-01-31
Idaho,32,2010-01-31
Illinois,23,2010-01-31
Indiana,11,2010-01-31
Iowa,0,2010-01-31
Kansas,13,2010-01-31
Kentucky,7,2010-01-31
Louisiana,21,2010-01-31
Maine,8,2010-01-31
Maryland,22,2010-01-31
Massachusetts,39,2010-01-31
Michigan,22,2010-01-31
Minnesota,19,2010-01-31
Mississippi,29,2010-01-31
Missouri,32,2010-01-31
Montana,17,2010-01-31
Nebraska,13,2010-01-31
Nevada,100,2010-01-31
New Hampshire,0,2010-01-31
New Jersey,31,2010-01-31
New Mexico,77,2010-01-31
New York,24,2010-01-31
North Carolina,12,2010-01-31
North Dakota,0,2010-01-31
Ohio,11,2010-01-31
Oklahoma,34,2010-01-31
Oregon,44,2010-01-31
Pennsylvania,26,2010-01-31
Rhode Island,32,2010-01-31
South Carolina,23,2010-01-31
South Dakota,0,2010-01-31
Tennessee,27,2010-01-31
Texas,19,2010-01-31
Utah,15,2010-01-31
Vermont,8,2010-01-31
Virginia,11,2010-01-31
Washington,55,2010-01-31
West Virginia,16,2010-01-31
Wisconsin,14,2010-01-31
Wyoming,0,2010-01-31
Alabama,17,2010-02-28
Alaska,35,2010-02-28
Arizona,100,2010-02-28
Arkansas,51,2010-02-28
California,54,2010-02-28
Colorado,68,2010-02-28
Connecticut,70,2010-02-28
Delaware,0,2010-02-28
District of Columbia,46,2010-02-28
Florida,62,2010-02-28
Georgia,33,2010-02-28
Hawaii,0,2010-02-28
Idaho,0,2010-02-28
Illinois,55,2010-02-28
Indiana,12,2010-02-28
Iowa,0,2010-02-28
Kansas,6,2010-02-28
Kentucky,5,2010-02-28
Louisiana,15,2010-02-28
Maine,0,2010-02-28
Maryland,42,2010-02-28
Massachusetts,61,2010-02-28
Michigan,31,2010-02-28
Minnesota,30,2010-02-28
Mississippi,11,2010-02-28
Missouri,33,2010-02-28
Montana,0,2010-02-28
Nebraska,0,2010-02-28
Nevada,82,2010-02-28
New Hampshire,0,2010-02-28
New Jersey,49,2010-02-28
New Mexico,28,2010-02-28
New York,29,2010-02-28
North Carolina,29,2010-02-28
North Dakota,27,2010-02-28
Ohio,25,2010-02-28
Oklahoma,31,2010-02-28
Oregon,57,2010-02-28
Pennsylvania,34,2010-02-28
Rhode Island,46,2010-02-28
South Carolina,39,2010-02-28
South Dakota,0,2010-02-28
Tennessee,29,2010-02-28
Texas,32,2010-02-28
Utah,7,2010-02-28
Vermont,0,2010-02-28
Virginia,22,2010-02-28
Washington,67,2010-02-28
West Virginia,23,2010-02-28
Wisconsin,12,2010-02-28
Wyoming,0,2010-02-28
Alabama,11,2010-03-31
Alaska,34,2010-03-31
Arizona,83,2010-03-31
Arkansas,30,2010-03-31
California,50,2010-03-31
Colorado,64,2010-03-31
Connecticut,68,2010-03-31
Delaware,28,2010-03-31
District of Columbia,61,2010-03-31
Florida,59,2010-03-31
Georgia,22,2010-03-31
Hawaii,0,2010-03-31
Idaho,16,2010-03-31
Illinois,36,2010-03-31
Indiana,24,2010-03-31
Iowa,0,2010-03-31
Kansas,0,2010-03-31
Kentucky,25,2010-03-31
Louisiana,16,2010-03-31
Maine,22,2010-03-31
Maryland,39,2010-03-31
Massachusetts,50,2010-03-31
Michigan,31,2010-03-31
Minnesota,34,2010-03-31
Mississippi,10,2010-03-31
Missouri,49,2010-03-31
Montana,24,2010-03-31
Nebraska,29,2010-03-31
Nevada,100,2010-03-31
New Hampshire,11,2010-03-31
New Jersey,49,2010-03-31
New Mexico,40,2010-03-31
New York,41,2010-03-31
North Carolina,30,2010-03-31
North Dakota,0,2010-03-31
Ohio,25,2010-03-31
Oklahoma,18,2010-03-31
Oregon,53,2010-03-31
Pennsylvania,40,2010-03-31
Rhode Island,70,2010-03-31
South Carolina,17,2010-03-31
South Dakota,0,2010-03-31
Tennessee,32,2010-03-31
Texas,26,2010-03-31
Utah,42,2010-03-31
Vermont,0,2010-03-31
Virginia,14,2010-03-31
Washington,53,2010-03-31
West Virginia,24,2010-03-31
Wisconsin,24,2010-03-31
Wyoming,0,2010-03-31
Alabama,20,2010-04-30
Alaska,21,2010-04-30
Arizona,75,2010-04-30
Arkansas,12,2010-04-30
California,59,2010-04-30
Colorado,47,2010-04-30
Connecticut,39,2010-04-30
Delaware,100,2010-04-30
District of Columbia,55,2010-04-30
Florida,50,2010-04-30
Georgia,21,2010-04-30
Hawaii,37,2010-04-30
Idaho,81,2010-04-30
Illinois,44,2010-04-30
Indiana,0,2010-04-30
Iowa,0,2010-04-30
Kansas,15,2010-04-30
Kentucky,6,2010-04-30
Louisiana,19,2010-04-30
Maine,14,2010-04-30
Maryland,54,2010-04-30
Massachusetts,65,2010-04-30
Michigan,43,2010-04-30
Minnesota,21,2010-04-30
Mississippi,0,2010-04-30
Missouri,27,2010-04-30
Montana,0,2010-04-30
Nebraska,0,2010-04-30
Nevada,90,2010-04-30
New Hampshire,13,2010-04-30
New Jersey,42,2010-04-30
New Mexico,17,2010-04-30
New York,39,2010-04-30
North Carolina,52,2010-04-30
North Dakota,0,2010-04-30
Ohio,32,2010-04-30
Oklahoma,38,2010-04-30
Oregon,98,2010-04-30
Pennsylvania,43,2010-04-30
Rhode Island,70,2010-04-30
South Carolina,20,2010-04-30
South Dakota,0,2010-04-30
Tennessee,25,2010-04-30
Texas,25,2010-04-30
Utah,26,2010-04-30
Vermont,33,2010-04-30
Virginia,19,2010-04-30
Washington,60,2010-04-30
West Virginia,30,2010-04-30
Wisconsin,21,2010-04-30
Wyoming,0,2010-04-30
Alabama,0,2010-05-31
Alaska,0,2010-05-31
Arizona,100,2010-05-31
Arkansas,36,2010-05-31
California,54,2010-05-31
Colorado,77,2010-05-31
Connecticut,61,2010-05-31
Delaware,33,2010-05-31
District of Columbia,43,2010-05-31
Florida,50,2010-05-31
Georgia,24,2010-05-31
Hawaii,23,2010-05-31
Idaho,0,2010-05-31
Illinois,36,2010-05-31
Indiana,26,2010-05-31
Iowa,10,2010-05-31
Kansas,34,2010-05-31
Kentucky,34,2010-05-31
Louisiana,18,2010-05-31
Maine,0,2010-05-31
Maryland,52,2010-05-31
Massachusetts,57,2010-05-31
Michigan,40,2010-05-31
Minnesota,32,2010-05-31
Mississippi,12,2010-05-31
Missouri,34,2010-05-31
Montana,31,2010-05-31
Nebraska,35,2010-05-31
Nevada,77,2010-05-31
New Hampshire,24,2010-05-31
New Jersey,55,2010-05-31
New Mexico,0,2010-05-31
New York,39,2010-05-31
North Carolina,44,2010-05-31
North Dakota,0,2010-05-31
Ohio,39,2010-05-31
Oklahoma,21,2010-05-31
Oregon,59,2010-05-31
Pennsylvania,52,2010-05-31
Rhode Island,96,2010-05-31
South Carolina,39,2010-05-31
South Dakota,23,2010-05-31
Tennessee,46,2010-05-31
Texas,32,2010-05-31
Utah,49,2010-05-31
Vermont,33,2010-05-31
Virginia,20,2010-05-31
Washington,67,2010-05-31
West Virginia,0,2010-05-31
Wisconsin,20,2010-05-31
Wyoming,0,2010-05-31
Alabama,11,2010-06-30
Alaska,16,2010-06-30
Arizona,71,2010-06-30
Arkansas,21,2010-06-30
California,45,2010-06-30
Colorado,32,2010-06-30
Connecticut,57,2010-06-30
Delaware,58,2010-06-30
District of Columbia,46,2010-06-30
Florida,46,2010-06-30
Georgia,28,2010-06-30
Hawaii,38,2010-06-30
Idaho,0,2010-06-30
Illinois,31,2010-06-30
Indiana,13,2010-06-30
Iowa,0,2010-06-30
Kansas,11,2010-06-30
Kentucky,5,2010-06-30
Louisiana,10,2010-06-30
Maine,0,2010-06-30
Maryland,41,2010-06-30
Massachusetts,71,2010-06-30
Michigan,44,2010-06-30
Minnesota,16,2010-06-30
Mississippi,10,2010-06-30
Missouri,35,2010-06-30
Montana,0,2010-06-30
Nebraska,21,2010-06-30
Nevada,100,2010-06-30
New Hampshire,11,2010-06-30
New Jersey,54,2010-06-30
New Mexico,58,2010-06-30
New York,39,2010-06-30
North Carolina,42,2010-06-30
North Dakota,0,2010-06-30
Ohio,21,2010-06-30
Oklahoma,35,2010-06-30
Oregon,94,2010-06-30
Pennsylvania,50,2010-06-30
Rhode Island,36,2010-06-30
South Carolina,17,2010-06-30
South Dakota,0,2010-06-30
Tennessee,30,2010-06-30
Texas,27,2010-06-30
Utah,7,2010-06-30
Vermont,34,2010-06-30
Virginia,14,2010-06-30
Washington,74,2010-06-30
West Virginia,0,2010-06-30
Wisconsin,18,2010-06-30
Wyoming,0,2010-06-30
Alabama,0,2010-07-31
Alaska,0,2010-07-31
Arizona,100,2010-07-31
Arkansas,45,2010-07-31
California,47,2010-07-31
Colorado,42,2010-07-31
Connecticut,54,2010-07-31
Delaware,64,2010-07-31
District of Columbia,57,2010-07-31
Florida,62,2010-07-31
Georgia,25,2010-07-31
Hawaii,31,2010-07-31
Idaho,34,2010-07-31
Illinois,40,2010-07-31
Indiana,23,2010-07-31
Iowa,20,2010-07-31
Kansas,37,2010-07-31
Kentucky,15,2010-07-31
Louisiana,0,2010-07-31
Maine,13,2010-07-31
Maryland,54,2010-07-31
Massachusetts,73,2010-07-31
Michigan,41,2010-07-31
Minnesota,30,2010-07-31
Mississippi,30,2010-07-31
Missouri,50,2010-07-31
Montana,29,2010-07-31
Nebraska,0,2010-07-31
Nevada,83,2010-07-31
New Hampshire,0,2010-07-31
New Jersey,60,2010-07-31
New Mexico,93,2010-07-31
New York,40,2010-07-31
North Carolina,45,2010-07-31
North Dakota,0,2010-07-31
Ohio,35,2010-07-31
Oklahoma,57,2010-07-31
Oregon,92,2010-07-31
Pennsylvania,47,2010-07-31
Rhode Island,52,2010-07-31
South Carolina,35,2010-07-31
South Dakota,0,2010-07-31
Tennessee,59,2010-07-31
Texas,27,2010-07-31
Utah,23,2010-07-31
Vermont,7,2010-07-31
Virginia,19,2010-07-31
Washington,55,2010-07-31
West Virginia,0,2010-07-31
Wisconsin,16,2010-07-31
Wyoming,0,2010-07-31
Alabama,27,2010-08-31
Alaska,69,2010-08-31
Arizona,100,2010-08-31
Arkansas,11,2010-08-31
California,51,2010-08-31
Colorado,60,2010-08-31
Connecticut,66,2010-08-31
Delaware,85,2010-08-31
District of Columbia,56,2010-08-31
Florida,66,2010-08-31
Georgia,37,2010-08-31
Hawaii,10,2010-08-31
Idaho,0,2010-08-31
Illinois,46,2010-08-31
Indiana,17,2010-08-31
Iowa,9,2010-08-31
Kansas,18,2010-08-31
Kentucky,30,2010-08-31
Louisiana,16,2010-08-31
Maine,24,2010-08-31
Maryland,53,2010-08-31
Massachusetts,63,2010-08-31
Michigan,44,2010-08-31
Minnesota,35,2010-08-31
Mississippi,30,2010-08-31
Missouri,31,2010-08-31
Montana,27,2010-08-31
Nebraska,0,2010-08-31
Nevada,70,2010-08-31
New Hampshire,23,2010-08-31
New Jersey,57,2010-08-31
New Mexico,45,2010-08-31
New York,36,2010-08-31
North Carolina,39,2010-08-31
North Dakota,27,2010-08-31
Ohio,48,2010-08-31
Oklahoma,18,2010-08-31
Oregon,82,2010-08-31
Pennsylvania,43,2010-08-31
Rhode Island,70,2010-08-31
South Carolina,51,2010-08-31
South Dakota,0,2010-08-31
Tennessee,17,2010-08-31
Texas,28,2010-08-31
Utah,57,2010-08-31
Vermont,9,2010-08-31
Virginia,18,2010-08-31
Washington,93,2010-08-31
West Virginia,24,2010-08-31
Wisconsin,34,2010-08-31
Wyoming,0,2010-08-31
Alabama,12,2010-09-30
Alaska,18,2010-09-30
Arizona,54,2010-09-30
Arkansas,12,2010-09-30
California,29,2010-09-30
Colorado,43,2010-09-30
Connecticut,30,2010-09-30
Delaware,29,2010-09-30
District of Columbia,23,2010-09-30
Florida,34,2010-09-30
Georgia,19,2010-09-30
Hawaii,26,2010-09-30
Idaho,8,2010-09-30
Illinois,27,2010-09-30
Indiana,4,2010-09-30
Iowa,0,2010-09-30
Kansas,26,2010-09-30
Kentucky,11,2010-09-30
Louisiana,11,2010-09-30
Maine,0,2010-09-30
Maryland,32,2010-09-30
Massachusetts,27,2010-09-30
Michigan,21,2010-09-30
Minnesota,19,2010-09-30
Mississippi,0,2010-09-30
Missouri,18,2010-09-30
Montana,0,2010-09-30
Nebraska,11,2010-09-30
Nevada,100,2010-09-30
New Hampshire,17,2010-09-30
New Jersey,19,2010-09-30
New Mexico,46,2010-09-30
New York,25,2010-09-30
North Carolina,18,2010-09-30
North Dakota,14,2010-09-30
Ohio,19,2010-09-30
Oklahoma,13,2010-09-30
Oregon,46,2010-09-30
Pennsylvania,30,2010-09-30
Rhode Island,36,2010-09-30
South Carolina,15,2010-09-30
South Dakota,0,2010-09-30
Tennessee,14,2010-09-30
Texas,14,2010-09-30
Utah,11,2010-09-30
Vermont,5,2010-09-30
Virginia,10,2010-09-30
Washington,52,2010-09-30
West Virginia,27,2010-09-30
Wisconsin,14,2010-09-30
Wyoming,14,2010-09-30
Alabama,29,2010-10-31
Alaska,17,2010-10-31
Arizona,94,2010-10-31
Arkansas,46,2010-10-31
California,52,2010-10-31
Colorado,77,2010-10-31
Connecticut,100,2010-10-31
Delaware,0,2010-10-31
District of Columbia,59,2010-10-31
Florida,66,2010-10-31
Georgia,25,2010-10-31
Hawaii,62,2010-10-31
Idaho,29,2010-10-31
Illinois,30,2010-10-31
Indiana,13,2010-10-31
Iowa,0,2010-10-31
Kansas,50,2010-10-31
Kentucky,45,2010-10-31
Louisiana,17,2010-10-31
Maine,25,2010-10-31
Maryland,24,2010-10-31
Massachusetts,51,2010-10-31
Michigan,40,2010-10-31
Minnesota,32,2010-10-31
Mississippi,10,2010-10-31
Missouri,46,2010-10-31
Montana,53,2010-10-31
Nebraska,30,2010-10-31
Nevada,96,2010-10-31
New Hampshire,23,2010-10-31
New Jersey,59,2010-10-31
New Mexico,61,2010-10-31
New York,46,2010-10-31
North Carolina,24,2010-10-31
North Dakota,27,2010-10-31
Ohio,39,2010-10-31
Oklahoma,32,2010-10-31
Oregon,96,2010-10-31
Pennsylvania,44,2010-10-31
Rhode Island,12,2010-10-31
South Carolina,42,2010-10-31
South Dakota,0,2010-10-31
Tennessee,73,2010-10-31
Texas,27,2010-10-31
Utah,69,2010-10-31
Vermont,23,2010-10-31
Virginia,17,2010-10-31
Washington,63,2010-10-31
West Virginia,55,2010-10-31
Wisconsin,28,2010-10-31
Wyoming,50,2010-10-31
Alabama,11,2010-11-30
Alaska,15,2010-11-30
Arizona,86,2010-11-30
Arkansas,42,2010-11-30
California,50,2010-11-30
Colorado,61,2010-11-30
Connecticut,49,2010-11-30
Delaware,78,2010-11-30
District of Columbia,38,2010-11-30
Florida,57,2010-11-30
Georgia,36,2010-11-30
Hawaii,55,2010-11-30
Idaho,13,2010-11-30
Illinois,48,2010-11-30
Indiana,32,2010-11-30
Iowa,0,2010-11-30
Kansas,23,2010-11-30
Kentucky,18,2010-11-30
Louisiana,0,2010-11-30
Maine,22,2010-11-30
Maryland,43,2010-11-30
Massachusetts,53,2010-11-30
Michigan,22,2010-11-30
Minnesota,20,2010-11-30
Mississippi,9,2010-11-30
Missouri,42,2010-11-30
Montana,47,2010-11-30
Nebraska,27,2010-11-30
Nevada,100,2010-11-30
New Hampshire,31,2010-11-30
New Jersey,57,2010-11-30
New Mexico,14,2010-11-30
New York,31,2010-11-30
North Carolina,35,2010-11-30
North Dakota,23,2010-11-30
Ohio,34,2010-11-30
Oklahoma,65,2010-11-30
Oregon,58,2010-11-30
Pennsylvania,29,2010-11-30
Rhode Island,43,2010-11-30
South Carolina,29,2010-11-30
South Dakota,0,2010-11-30
Tennessee,47,2010-11-30
Texas,26,2010-11-30
Utah,18,2010-11-30
Vermont,0,2010-11-30
Virginia,19,2010-11-30
Washington,87,2010-11-30
West Virginia,50,2010-11-30
Wisconsin,25,2010-11-30
Wyoming,21,2010-11-30
Alabama,21,2010-12-31
Alaska,37,2010-12-31
Arizona,100,2010-12-31
Arkansas,17,2010-12-31
California,80,2010-12-31
Colorado,46,2010-12-31
Connecticut,56,2010-12-31
Delaware,0,2010-12-31
District of Columbia,40,2010-12-31
Florida,55,2010-12-31
Georgia,27,2010-12-31
Hawaii,15,2010-12-31
Idaho,29,2010-12-31
Illinois,40,2010-12-31
Indiana,16,2010-12-31
Iowa,11,2010-12-31
Kansas,20,2010-12-31
Kentucky,9,2010-12-31
Louisiana,5,2010-12-31
Maine,6,2010-12-31
Maryland,40,2010-12-31
Massachusetts,53,2010-12-31
Michigan,39,2010-12-31
Minnesota,23,2010-12-31
Mississippi,14,2010-12-31
Missouri,34,2010-12-31
Montana,18,2010-12-31
Nebraska,23,2010-12-31
Nevada,69,2010-12-31
New Hampshire,28,2010-12-31
New Jersey,61,2010-12-31
New Mexico,0,2010-12-31
New York,31,2010-12-31
North Carolina,39,2010-12-31
North Dakota,0,2010-12-31
Ohio,39,2010-12-31
Oklahoma,49,2010-12-31
Oregon,97,2010-12-31
Pennsylvania,42,2010-12-31
Rhode Island,62,2010-12-31
South Carolina,39,2010-12-31
South Dakota,11,2010-12-31
Tennessee,42,2010-12-31
Texas,23,2010-12-31
Utah,32,2010-12-31
Vermont,0,2010-12-31
Virginia,34,2010-12-31
Washington,75,2010-12-31
West Virginia,17,2010-12-31
Wisconsin,19,2010-12-31
Wyoming,37,2010-12-31
Alabama,21,2011-01-31
Alaska,22,2011-01-31
Arizona,81,2011-01-31
Arkansas,20,2011-01-31
California,84,2011-01-31
Colorado,88,2011-01-31
Connecticut,71,2011-01-31
Delaware,33,2011-01-31
District of Columbia,54,2011-01-31
Florida,76,2011-01-31
Georgia,48,2011-01-31
Hawaii,71,2011-01-31
Idaho,41,2011-01-31
Illinois,43,2011-01-31
Indiana,22,2011-01-31
Iowa,6,2011-01-31
Kansas,13,2011-01-31
Kentucky,19,2011-01-31
Louisiana,11,2011-01-31
Maine,14,2011-01-31
Maryland,65,2011-01-31
Massachusetts,58,2011-01-31
Michigan,49,2011-01-31
Minnesota,26,2011-01-31
Mississippi,11,2011-01-31
Missouri,46,2011-01-31
Montana,11,2011-01-31
Nebraska,27,2011-01-31
Nevada,87,2011-01-31
New Hampshire,0,2011-01-31
New Jersey,65,2011-01-31
New Mexico,72,2011-01-31
New York,31,2011-01-31
North Carolina,55,2011-01-31
North Dakota,0,2011-01-31
Ohio,41,2011-01-31
Oklahoma,31,2011-01-31
Oregon,93,2011-01-31
Pennsylvania,54,2011-01-31
Rhode Island,78,2011-01-31
South Carolina,34,2011-01-31
South Dakota,39,2011-01-31
Tennessee,60,2011-01-31
Texas,26,2011-01-31
Utah,28,2011-01-31
Vermont,25,2011-01-31
Virginia,58,2011-01-31
Washington,100,2011-01-31
West Virginia,32,2011-01-31
Wisconsin,21,2011-01-31
Wyoming,44,2011-01-31
Alabama,10,2011-02-28
Alaska,41,2011-02-28
Arizona,100,2011-02-28
Arkansas,30,2011-02-28
California,72,2011-02-28
Colorado,64,2011-02-28
Connecticut,84,2011-02-28
Delaware,24,2011-02-28
District of Columbia,45,2011-02-28
Florida,65,2011-02-28
Georgia,28,2011-02-28
Hawaii,17,2011-02-28
Idaho,15,2011-02-28
Illinois,32,2011-02-28
Indiana,12,2011-02-28
Iowa,27,2011-02-28
Kansas,33,2011-02-28
Kentucky,8,2011-02-28
Louisiana,14,2011-02-28
Maine,15,2011-02-28
Maryland,49,2011-02-28
Massachusetts,58,2011-02-28
Michigan,51,2011-02-28
Minnesota,23,2011-02-28
Mississippi,17,2011-02-28
Missouri,40,2011-02-28
Montana,8,2011-02-28
Nebraska,23,2011-02-28
Nevada,88,2011-02-28
New Hampshire,16,2011-02-28
New Jersey,59,2011-02-28
New Mexico,32,2011-02-28
New York,37,2011-02-28
North Carolina,49,2011-02-28
North Dakota,10,2011-02-28
Ohio,37,2011-02-28
Oklahoma,65,2011-02-28
Oregon,72,2011-02-28
Pennsylvania,47,2011-02-28
Rhode Island,57,2011-02-28
South Carolina,28,2011-02-28
South Dakota,9,2011-02-28
Tennessee,37,2011-02-28
Texas,25,2011-02-28
Utah,18,2011-02-28
Vermont,0,2011-02-28
Virginia,46,2011-02-28
Washington,85,2011-02-28
West Virginia,15,2011-02-28
Wisconsin,15,2011-02-28
Wyoming,0,2011-02-28
Alabama,13,2011-03-31
Alaska,30,2011-03-31
Arizona,77,2011-03-31
Arkansas,27,2011-03-31
California,74,2011-03-31
Colorado,54,2011-03-31
Connecticut,67,2011-03-31
Delaware,30,2011-03-31
District of Columbia,37,2011-03-31
Florida,70,2011-03-31
Georgia,31,2011-03-31
Hawaii,32,2011-03-31
Idaho,14,2011-03-31
Illinois,39,2011-03-31
Indiana,18,2011-03-31
Iowa,14,2011-03-31
Kansas,23,2011-03-31
Kentucky,25,2011-03-31
Louisiana,8,2011-03-31
Maine,9,2011-03-31
Maryland,46,2011-03-31
Massachusetts,60,2011-03-31
Michigan,42,2011-03-31
Minnesota,22,2011-03-31
Mississippi,15,2011-03-31
Missouri,39,2011-03-31
Montana,22,2011-03-31
Nebraska,13,2011-03-31
Nevada,100,2011-03-31
New Hampshire,19,2011-03-31
New Jersey,52,2011-03-31
New Mexico,29,2011-03-31
New York,30,2011-03-31
North Carolina,39,2011-03-31
North Dakota,18,2011-03-31
Ohio,33,2011-03-31
Oklahoma,35,2011-03-31
Oregon,70,2011-03-31
Pennsylvania,48,2011-03-31
Rhode Island,34,2011-03-31
South Carolina,25,2011-03-31
South Dakota,0,2011-03-31
Tennessee,32,2011-03-31
Texas,21,2011-03-31
Utah,40,2011-03-31
Vermont,33,2011-03-31
Virginia,53,2011-03-31
Washington,74,2011-03-31
West Virginia,14,2011-03-31
Wisconsin,20,2011-03-31
Wyoming,16,2011-03-31
Alabama,23,2011-04-30
Alaska,33,2011-04-30
Arizona,81,2011-04-30
Arkansas,40,2011-04-30
California,85,2011-04-30
Colorado,77,2011-04-30
Connecticut,100,2011-04-30
Delaware,31,2011-04-30
District of Columbia,34,2011-04-30
Florida,63,2011-04-30
Georgia,27,2011-04-30
Hawaii,26,2011-04-30
Idaho,45,2011-04-30
Illinois,46,2011-04-30
Indiana,21,2011-04-30
Iowa,21,2011-04-30
Kansas,42,2011-04-30
Kentucky,35,2011-04-30
Louisiana,10,2011-04-30
Maine,18,2011-04-30
Maryland,48,2011-04-30
Massachusetts,65,2011-04-30
Michigan,63,2011-04-30
Minnesota,34,2011-04-30
Mississippi,20,2011-04-30
Missouri,50,2011-04-30
Montana,24,2011-04-30
Nebraska,27,2011-04-30
Nevada,85,2011-04-30
New Hampshire,41,2011-04-30
New Jersey,54,2011-04-30
New Mexico,54,2011-04-30
New York,39,2011-04-30
North Carolina,39,2011-04-30
North Dakota,21,2011-04-30
Ohio,38,2011-04-30
Oklahoma,35,2011-04-30
Oregon,78,2011-04-30
Pennsylvania,50,2011-04-30
Rhode Island,84,2011-04-30
South Carolina,61,2011-04-30
South Dakota,21,2011-04-30
Tennessee,46,2011-04-30
Texas,30,2011-04-30
Utah,44,2011-04-30
Vermont,28,2011-04-30
Virginia,52,2011-04-30
Washington,83,2011-04-30
West Virginia,18,2011-04-30
Wisconsin,30,2011-04-30
Wyoming,17,2011-04-30
Alabama,34,2011-05-31
Alaska,24,2011-05-31
Arizona,91,2011-05-31
Arkansas,46,2011-05-31
California,78,2011-05-31
Colorado,72,2011-05-31
Connecticut,90,2011-05-31
Delaware,100,2011-05-31
District of Columbia,38,2011-05-31
Florida,66,2011-05-31
Georgia,45,2011-05-31
Hawaii,17,2011-05-31
Idaho,47,2011-05-31
Illinois,45,2011-05-31
Indiana,23,2011-05-31
Iowa,15,2011-05-31
Kansas,20,2011-05-31
Kentucky,33,2011-05-31
Louisiana,19,2011-05-31
Maine,43,2011-05-31
Maryland,67,2011-05-31
Massachusetts,64,2011-05-31
Michigan,48,2011-05-31
Minnesota,32,2011-05-31
Mississippi,23,2011-05-31
Missouri,51,2011-05-31
Montana,25,2011-05-31
Nebraska,23,2011-05-31
Nevada,87,2011-05-31
New Hampshire,28,2011-05-31
New Jersey,71,2011-05-31
New Mexico,31,2011-05-31
New York,38,2011-05-31
North Carolina,46,2011-05-31
North Dakota,21,2011-05-31
Ohio,44,2011-05-31
Oklahoma,34,2011-05-31
Oregon,96,2011-05-31
Pennsylvania,52,2011-05-31
Rhode Island,32,2011-05-31
South Carolina,19,2011-05-31
South Dakota,22,2011-05-31
Tennessee,39,2011-05-31
Texas,23,2011-05-31
Utah,26,2011-05-31
Vermont,37,2011-05-31
Virginia,51,2011-05-31
Washington,72,2011-05-31
West Virginia,19,2011-05-31
Wisconsin,25,2011-05-31
Wyoming,55,2011-05-31
Alabama,33,2011-06-30
Alaska,25,2011-06-30
Arizona,78,2011-06-30
Arkansas,21,2011-06-30
California,63,2011-06-30
Colorado,49,2011-06-30
Connecticut,63,2011-06-30
Delaware,0,2011-06-30
District of Columbia,30,2011-06-30
Florida,53,2011-06-30
Georgia,29,2011-06-30
Hawaii,22,2011-06-30
Idaho,25,2011-06-30
Illinois,38,2011-06-30
Indiana,26,2011-06-30
Iowa,16,2011-06-30
Kansas,31,2011-06-30
Kentucky,11,2011-06-30
Louisiana,23,2011-06-30
Maine,38,2011-06-30
Maryland,47,2011-06-30
Massachusetts,57,2011-06-30
Michigan,47,2011-06-30
Minnesota,28,2011-06-30
Mississippi,0,2011-06-30
Missouri,33,2011-06-30
Montana,33,2011-06-30
Nebraska,23,2011-06-30
Nevada,100,2011-06-30
New Hampshire,34,2011-06-30
New Jersey,49,2011-06-30
New Mexico,27,2011-06-30
New York,30,2011-06-30
North Carolina,39,2011-06-30
North Dakota,17,2011-06-30
Ohio,32,2011-06-30
Oklahoma,45,2011-06-30
Oregon,73,2011-06-30
Pennsylvania,43,2011-06-30
Rhode Island,74,2011-06-30
South Carolina,32,2011-06-30
South Dakota,9,2011-06-30
Tennessee,44,2011-06-30
Texas,21,2011-06-30
Utah,29,2011-06-30
Vermont,22,2011-06-30
Virginia,45,2011-06-30
Washington,72,2011-06-30
West Virginia,14,2011-06-30
Wisconsin,24,2011-06-30
Wyoming,0,2011-06-30
Alabama,25,2011-07-31
Alaska,14,2011-07-31
Arizona,100,2011-07-31
Arkansas,50,2011-07-31
California,75,2011-07-31
Colorado,67,2011-07-31
Connecticut,74,2011-07-31
Delaware,36,2011-07-31
District of Columbia,39,2011-07-31
Florida,68,2011-07-31
Georgia,36,2011-07-31
Hawaii,44,2011-07-31
Idaho,37,2011-07-31
Illinois,37,2011-07-31
Indiana,24,2011-07-31
Iowa,16,2011-07-31
Kansas,44,2011-07-31
Kentucky,17,2011-07-31
Louisiana,9,2011-07-31
Maine,34,2011-07-31
Maryland,52,2011-07-31
Massachusetts,56,2011-07-31
Michigan,55,2011-07-31
Minnesota,36,2011-07-31
Mississippi,14,2011-07-31
Missouri,44,2011-07-31
Montana,30,2011-07-31
Nebraska,35,2011-07-31
Nevada,88,2011-07-31
New Hampshire,36,2011-07-31
New Jersey,52,2011-07-31
New Mexico,31,2011-07-31
New York,34,2011-07-31
North Carolina,44,2011-07-31
North Dakota,48,2011-07-31
Ohio,45,2011-07-31
Oklahoma,70,2011-07-31
Oregon,85,2011-07-31
Pennsylvania,45,2011-07-31
Rhode Island,69,2011-07-31
South Carolina,53,2011-07-31
South Dakota,10,2011-07-31
Tennessee,44,2011-07-31
Texas,30,2011-07-31
Utah,36,2011-07-31
Vermont,33,2011-07-31
Virginia,50,2011-07-31
Washington,81,2011-07-31
West Virginia,5,2011-07-31
Wisconsin,27,2011-07-31
Wyoming,15,2011-07-31
Alabama,38,2011-08-31
Alaska,26,2011-08-31
Arizona,90,2011-08-31
Arkansas,25,2011-08-31
California,61,2011-08-31
Colorado,49,2011-08-31
Connecticut,60,2011-08-31
Delaware,65,2011-08-31
District of Columbia,31,2011-08-31
Florida,64,2011-08-31
Georgia,38,2011-08-31
Hawaii,17,2011-08-31
Idaho,8,2011-08-31
Illinois,31,2011-08-31
Indiana,28,2011-08-31
Iowa,10,2011-08-31
Kansas,25,2011-08-31
Kentucky,30,2011-08-31
Louisiana,23,2011-08-31
Maine,20,2011-08-31
Maryland,43,2011-08-31
Massachusetts,53,2011-08-31
Michigan,48,2011-08-31
Minnesota,28,2011-08-31
Mississippi,31,2011-08-31
Missouri,40,2011-08-31
Montana,27,2011-08-31
Nebraska,14,2011-08-31
Nevada,100,2011-08-31
New Hampshire,24,2011-08-31
New Jersey,51,2011-08-31
New Mexico,40,2011-08-31
New York,34,2011-08-31
North Carolina,42,2011-08-31
North Dakota,17,2011-08-31
Ohio,40,2011-08-31
Oklahoma,39,2011-08-31
Oregon,91,2011-08-31
Pennsylvania,37,2011-08-31
Rhode Island,67,2011-08-31
South Carolina,35,2011-08-31
South Dakota,0,2011-08-31
Tennessee,44,2011-08-31
Texas,26,2011-08-31
Utah,35,2011-08-31
Vermont,21,2011-08-31
Virginia,39,2011-08-31
Washington,68,2011-08-31
West Virginia,14,2011-08-31
Wisconsin,25,2011-08-31
Wyoming,14,2011-08-31
Alabama,26,2011-09-30
Alaska,31,2011-09-30
Arizona,86,2011-09-30
Arkansas,26,2011-09-30
California,66,2011-09-30
Colorado,47,2011-09-30
Connecticut,56,2011-09-30
Delaware,62,2011-09-30
District of Columbia,31,2011-09-30
Florida,60,2011-09-30
Georgia,32,2011-09-30
Hawaii,29,2011-09-30
Idaho,31,2011-09-30
Illinois,38,2011-09-30
Indiana,18,2011-09-30
Iowa,13,2011-09-30
Kansas,20,2011-09-30
Kentucky,21,2011-09-30
Louisiana,20,2011-09-30
Maine,7,2011-09-30
Maryland,42,2011-09-30
Massachusetts,50,2011-09-30
Michigan,49,2011-09-30
Minnesota,21,2011-09-30
Mississippi,15,2011-09-30
Missouri,35,2011-09-30
Montana,19,2011-09-30
Nebraska,19,2011-09-30
Nevada,100,2011-09-30
New Hampshire,26,2011-09-30
New Jersey,54,2011-09-30
New Mexico,56,2011-09-30
New York,30,2011-09-30
North Carolina,39,2011-09-30
North Dakota,8,2011-09-30
Ohio,33,2011-09-30
Oklahoma,38,2011-09-30
Oregon,69,2011-09-30
Pennsylvania,42,2011-09-30
Rhode Island,23,2011-09-30
South Carolina,29,2011-09-30
South Dakota,8,2011-09-30
Tennessee,44,2011-09-30
Texas,26,2011-09-30
Utah,45,2011-09-30
Vermont,13,2011-09-30
Virginia,50,2011-09-30
Washington,67,2011-09-30
West Virginia,21,2011-09-30
Wisconsin,31,2011-09-30
Wyoming,0,2011-09-30
Alabama,18,2011-10-31
Alaska,35,2011-10-31
Arizona,89,2011-10-31
Arkansas,30,2011-10-31
California,68,2011-10-31
Colorado,45,2011-10-31
Connecticut,60,2011-10-31
Delaware,21,2011-10-31
District of Columbia,37,2011-10-31
Florida,68,2011-10-31
Georgia,38,2011-10-31
Hawaii,44,2011-10-31
Idaho,22,2011-10-31
Illinois,35,2011-10-31
Indiana,30,2011-10-31
Iowa,25,2011-10-31
Kansas,28,2011-10-31
Kentucky,31,2011-10-31
Louisiana,31,2011-10-31
Maine,13,2011-10-31
Maryland,52,2011-10-31
Massachusetts,66,2011-10-31
Michigan,53,2011-10-31
Minnesota,41,2011-10-31
Mississippi,33,2011-10-31
Missouri,41,2011-10-31
Montana,7,2011-10-31
Nebraska,32,2011-10-31
Nevada,100,2011-10-31
New Hampshire,19,2011-10-31
New Jersey,56,2011-10-31
New Mexico,35,2011-10-31
New York,37,2011-10-31
North Carolina,51,2011-10-31
North Dakota,18,2011-10-31
Ohio,36,2011-10-31
Oklahoma,42,2011-10-31
Oregon,66,2011-10-31
Pennsylvania,46,2011-10-31
Rhode Island,73,2011-10-31
South Carolina,47,2011-10-31
South Dakota,27,2011-10-31
Tennessee,59,2011-10-31
Texas,28,2011-10-31
Utah,28,2011-10-31
Vermont,24,2011-10-31
Virginia,59,2011-10-31
Washington,70,2011-10-31
West Virginia,25,2011-10-31
Wisconsin,23,2011-10-31
Wyoming,29,2011-10-31
Alabama,29,2011-11-30
Alaska,47,2011-11-30
Arizona,100,2011-11-30
Arkansas,44,2011-11-30
California,83,2011-11-30
Colorado,80,2011-11-30
Connecticut,95,2011-11-30
Delaware,70,2011-11-30
District of Columbia,46,2011-11-30
Florida,75,2011-11-30
Georgia,47,2011-11-30
Hawaii,53,2011-11-30
Idaho,38,2011-11-30
Illinois,44,2011-11-30
Indiana,24,2011-11-30
Iowa,21,2011-11-30
Kansas,30,2011-11-30
Kentucky,21,2011-11-30
Louisiana,29,2011-11-30
Maine,43,2011-11-30
Maryland,60,2011-11-30
Massachusetts,74,2011-11-30
Michigan,57,2011-11-30
Minnesota,33,2011-11-30
Mississippi,18,2011-11-30
Missouri,54,2011-11-30
Montana,32,2011-11-30
Nebraska,38,2011-11-30
Nevada,99,2011-11-30
New Hampshire,43,2011-11-30
New Jersey,56,2011-11-30
New Mexico,56,2011-11-30
New York,34,2011-11-30
North Carolina,67,2011-11-30
North Dakota,19,2011-11-30
Ohio,44,2011-11-30
Oklahoma,33,2011-11-30
Oregon,94,2011-11-30
Pennsylvania,51,2011-11-30
Rhode Island,71,2011-11-30
South Carolina,52,2011-11-30
South Dakota,20,2011-11-30
Tennessee,58,2011-11-30
Texas,30,2011-11-30
Utah,37,2011-11-30
Vermont,34,2011-11-30
Virginia,65,2011-11-30
Washington,90,2011-11-30
West Virginia,22,2011-11-30
Wisconsin,30,2011-11-30
Wyoming,0,2011-11-30
Alabama,39,2011-12-31
Alaska,22,2011-12-31
Arizona,100,2011-12-31
Arkansas,42,2011-12-31
California,79,2011-12-31
Colorado,74,2011-12-31
Connecticut,85,2011-12-31
Delaware,100,2011-12-31
District of Columbia,46,2011-12-31
Florida,81,2011-12-31
Georgia,46,2011-12-31
Hawaii,21,2011-12-31
Idaho,53,2011-12-31
Illinois,44,2011-12-31
Indiana,25,2011-12-31
Iowa,17,2011-12-31
Kansas,25,2011-12-31
Kentucky,22,2011-12-31
Louisiana,28,2011-12-31
Maine,28,2011-12-31
Maryland,59,2011-12-31
Massachusetts,58,2011-12-31
Michigan,65,2011-12-31
Minnesota,50,2011-12-31
Mississippi,21,2011-12-31
Missouri,46,2011-12-31
Montana,23,2011-12-31
Nebraska,22,2011-12-31
Nevada,95,2011-12-31
New Hampshire,35,2011-12-31
New Jersey,68,2011-12-31
New Mexico,29,2011-12-31
New York,45,2011-12-31
North Carolina,46,2011-12-31
North Dakota,14,2011-12-31
Ohio,46,2011-12-31
Oklahoma,69,2011-12-31
Oregon,74,2011-12-31
Pennsylvania,55,2011-12-31
Rhode Island,65,2011-12-31
South Carolina,42,2011-12-31
South Dakota,0,2011-12-31
Tennessee,52,2011-12-31
Texas,27,2011-12-31
Utah,35,2011-12-31
Vermont,32,2011-12-31
Virginia,63,2011-12-31
Washington,64,2011-12-31
West Virginia,20,2011-12-31
Wisconsin,24,2011-12-31
Wyoming,34,2011-12-31
Alabama,39,2012-01-31
Alaska,50,2012-01-31
Arizona,78,2012-01-31
Arkansas,36,2012-01-31
California,77,2012-01-31
Colorado,64,2012-01-31
Connecticut,97,2012-01-31
Delaware,45,2012-01-31
District of Columbia,39,2012-01-31
Florida,77,2012-01-31
Georgia,46,2012-01-31
Hawaii,32,2012-01-31
Idaho,44,2012-01-31
Illinois,40,2012-01-31
Indiana,39,2012-01-31
Iowa,16,2012-01-31
Kansas,31,2012-01-31
Kentucky,26,2012-01-31
Louisiana,19,2012-01-31
Maine,34,2012-01-31
Maryland,51,2012-01-31
Massachusetts,64,2012-01-31
Michigan,55,2012-01-31
Minnesota,37,2012-01-31
Mississippi,32,2012-01-31
Missouri,44,2012-01-31
Montana,28,2012-01-31
Nebraska,33,2012-01-31
Nevada,97,2012-01-31
New Hampshire,41,2012-01-31
New Jersey,55,2012-01-31
New Mexico,33,2012-01-31
New York,37,2012-01-31
North Carolina,44,2012-01-31
North Dakota,20,2012-01-31
Ohio,42,2012-01-31
Oklahoma,41,2012-01-31
Oregon,89,2012-01-31
Pennsylvania,51,2012-01-31
Rhode Island,100,2012-01-31
South Carolina,44,2012-01-31
South Dakota,28,2012-01-31
Tennessee,66,2012-01-31
Texas,29,2012-01-31
Utah,23,2012-01-31
Vermont,24,2012-01-31
Virginia,60,2012-01-31
Washington,90,2012-01-31
West Virginia,23,2012-01-31
Wisconsin,34,2012-01-31
Wyoming,21,2012-01-31
Alabama,25,2012-02-29
Alaska,4,2012-02-29
Arizona,80,2012-02-29
Arkansas,48,2012-02-29
California,80,2012-02-29
Colorado,78,2012-02-29
Connecticut,92,2012-02-29
Delaware,33,2012-02-29
District of Columbia,42,2012-02-29
Florida,74,2012-02-29
Georgia,45,2012-02-29
Hawaii,19,2012-02-29
Idaho,39,2012-02-29
Illinois,43,2012-02-29
Indiana,32,2012-02-29
Iowa,25,2012-02-29
Kansas,36,2012-02-29
Kentucky,24,2012-02-29
Louisiana,20,2012-02-29
Maine,35,2012-02-29
Maryland,59,2012-02-29
Massachusetts,60,2012-02-29
Michigan,52,2012-02-29
Minnesota,44,2012-02-29
Mississippi,23,2012-02-29
Missouri,47,2012-02-29
Montana,27,2012-02-29
Nebraska,16,2012-02-29
Nevada,84,2012-02-29
New Hampshire,43,2012-02-29
New Jersey,65,2012-02-29
New Mexico,53,2012-02-29
New York,44,2012-02-29
North Carolina,44,2012-02-29
North Dakota,13,2012-02-29
Ohio,46,2012-02-29
Oklahoma,65,2012-02-29
Oregon,100,2012-02-29
Pennsylvania,50,2012-02-29
Rhode Island,45,2012-02-29
South Carolina,42,2012-02-29
South Dakota,21,2012-02-29
Tennessee,66,2012-02-29
Texas,32,2012-02-29
Utah,50,2012-02-29
Vermont,12,2012-02-29
Virginia,59,2012-02-29
Washington,79,2012-02-29
West Virginia,15,2012-02-29
Wisconsin,34,2012-02-29
Wyoming,0,2012-02-29
Alabama,29,2012-03-31
Alaska,43,2012-03-31
Arizona,85,2012-03-31
Arkansas,41,2012-03-31
California,68,2012-03-31
Colorado,68,2012-03-31
Connecticut,73,2012-03-31
Delaware,42,2012-03-31
District of Columbia,29,2012-03-31
Florida,73,2012-03-31
Georgia,39,2012-03-31
Hawaii,34,2012-03-31
Idaho,25,2012-03-31
Illinois,42,2012-03-31
Indiana,31,2012-03-31
Iowa,30,2012-03-31
Kansas,32,2012-03-31
Kentucky,29,2012-03-31
Louisiana,14,2012-03-31
Maine,15,2012-03-31
Maryland,53,2012-03-31
Massachusetts,63,2012-03-31
Michigan,58,2012-03-31
Minnesota,36,2012-03-31
Mississippi,23,2012-03-31
Missouri,41,2012-03-31
Montana,21,2012-03-31
Nebraska,24,2012-03-31
Nevada,100,2012-03-31
New Hampshire,24,2012-03-31
New Jersey,62,2012-03-31
New Mexico,39,2012-03-31
New York,36,2012-03-31
North Carolina,41,2012-03-31
North Dakota,25,2012-03-31
Ohio,44,2012-03-31
Oklahoma,29,2012-03-31
Oregon,80,2012-03-31
Pennsylvania,52,2012-03-31
Rhode Island,53,2012-03-31
South Carolina,51,2012-03-31
South Dakota,7,2012-03-31
Tennessee,56,2012-03-31
Texas,29,2012-03-31
Utah,43,2012-03-31
Vermont,11,2012-03-31
Virginia,55,2012-03-31
Washington,72,2012-03-31
West Virginia,25,2012-03-31
Wisconsin,30,2012-03-31
Wyoming,73,2012-03-31
Alabama,23,2012-04-30
Alaska,44,2012-04-30
Arizona,76,2012-04-30
Arkansas,27,2012-04-30
California,77,2012-04-30
Colorado,73,2012-04-30
Connecticut,73,2012-04-30
Delaware,25,2012-04-30
District of Columbia,39,2012-04-30
Florida,79,2012-04-30
Georgia,49,2012-04-30
Hawaii,32,2012-04-30
Idaho,33,2012-04-30
Illinois,45,2012-04-30
Indiana,30,2012-04-30
Iowa,20,2012-04-30
Kansas,37,2012-04-30
Kentucky,35,2012-04-30
Louisiana,22,2012-04-30
Maine,37,2012-04-30
Maryland,58,2012-04-30
Massachusetts,59,2012-04-30
Michigan,58,2012-04-30
Minnesota,47,2012-04-30
Mississippi,19,2012-04-30
Missouri,57,2012-04-30
Montana,59,2012-04-30
Nebraska,20,2012-04-30
Nevada,99,2012-04-30
New Hampshire,57,2012-04-30
New Jersey,53,2012-04-30
New Mexico,47,2012-04-30
New York,44,2012-04-30
North Carolina,54,2012-04-30
North Dakota,33,2012-04-30
Ohio,49,2012-04-30
Oklahoma,59,2012-04-30
Oregon,100,2012-04-30
Pennsylvania,49,2012-04-30
Rhode Island,71,2012-04-30
South Carolina,50,2012-04-30
South Dakota,28,2012-04-30
Tennessee,60,2012-04-30
Texas,29,2012-04-30
Utah,32,2012-04-30
Vermont,24,2012-04-30
Virginia,48,2012-04-30
Washington,80,2012-04-30
West Virginia,38,2012-04-30
Wisconsin,33,2012-04-30
Wyoming,11,2012-04-30
Alabama,55,2012-05-31
Alaska,33,2012-05-31
Arizona,93,2012-05-31
Arkansas,42,2012-05-31
California,73,2012-05-31
Colorado,62,2012-05-31
Connecticut,77,2012-05-31
Delaware,33,2012-05-31
District of Columbia,34,2012-05-31
Florida,74,2012-05-31
Georgia,44,2012-05-31
Hawaii,45,2012-05-31
Idaho,20,2012-05-31
Illinois,43,2012-05-31
Indiana,35,2012-05-31
Iowa,21,2012-05-31
Kansas,41,2012-05-31
Kentucky,23,2012-05-31
Louisiana,17,2012-05-31
Maine,13,2012-05-31
Maryland,70,2012-05-31
Massachusetts,55,2012-05-31
Michigan,49,2012-05-31
Minnesota,41,2012-05-31
Mississippi,25,2012-05-31
Missouri,45,2012-05-31
Montana,55,2012-05-31
Nebraska,20,2012-05-31
Nevada,89,2012-05-31
New Hampshire,33,2012-05-31
New Jersey,65,2012-05-31
New Mexico,51,2012-05-31
New York,40,2012-05-31
North Carolina,56,2012-05-31
North Dakota,14,2012-05-31
Ohio,42,2012-05-31
Oklahoma,61,2012-05-31
Oregon,100,2012-05-31
Pennsylvania,52,2012-05-31
Rhode Island,68,2012-05-31
South Carolina,53,2012-05-31
South Dakota,22,2012-05-31
Tennessee,58,2012-05-31
Texas,31,2012-05-31
Utah,58,2012-05-31
Vermont,25,2012-05-31
Virginia,63,2012-05-31
Washington,73,2012-05-31
West Virginia,4,2012-05-31
Wisconsin,35,2012-05-31
Wyoming,44,2012-05-31
Alabama,34,2012-06-30
Alaska,5,2012-06-30
Arizona,90,2012-06-30
Arkansas,34,2012-06-30
California,72,2012-06-30
Colorado,67,2012-06-30
Connecticut,76,2012-06-30
Delaware,43,2012-06-30
District of Columbia,32,2012-06-30
Florida,68,2012-06-30
Georgia,39,2012-06-30
Hawaii,29,2012-06-30
Idaho,35,2012-06-30
Illinois,41,2012-06-30
Indiana,28,2012-06-30
Iowa,26,2012-06-30
Kansas,42,2012-06-30
Kentucky,32,2012-06-30
Louisiana,14,2012-06-30
Maine,35,2012-06-30
Maryland,58,2012-06-30
Massachusetts,61,2012-06-30
Michigan,52,2012-06-30
Minnesota,29,2012-06-30
Mississippi,27,2012-06-30
Missouri,57,2012-06-30
Montana,32,2012-06-30
Nebraska,19,2012-06-30
Nevada,100,2012-06-30
New Hampshire,13,2012-06-30
New Jersey,66,2012-06-30
New Mexico,40,2012-06-30
New York,39,2012-06-30
North Carolina,50,2012-06-30
North Dakota,33,2012-06-30
Ohio,43,2012-06-30
Oklahoma,50,2012-06-30
Oregon,95,2012-06-30
Pennsylvania,54,2012-06-30
Rhode Island,78,2012-06-30
South Carolina,39,2012-06-30
South Dakota,28,2012-06-30
Tennessee,52,2012-06-30
Texas,28,2012-06-30
Utah,37,2012-06-30
Vermont,48,2012-06-30
Virginia,54,2012-06-30
Washington,76,2012-06-30
West Virginia,22,2012-06-30
Wisconsin,37,2012-06-30
Wyoming,62,2012-06-30
Alabama,23,2012-07-31
Alaska,46,2012-07-31
Arizona,100,2012-07-31
Arkansas,42,2012-07-31
California,75,2012-07-31
Colorado,58,2012-07-31
Connecticut,83,2012-07-31
Delaware,33,2012-07-31
District of Columbia,31,2012-07-31
Florida,60,2012-07-31
Georgia,44,2012-07-31
Hawaii,29,2012-07-31
Idaho,51,2012-07-31
Illinois,38,2012-07-31
Indiana,29,2012-07-31
Iowa,17,2012-07-31
Kansas,46,2012-07-31
Kentucky,21,2012-07-31
Louisiana,15,2012-07-31
Maine,42,2012-07-31
Maryland,45,2012-07-31
Massachusetts,58,2012-07-31
Michigan,62,2012-07-31
Minnesota,40,2012-07-31
Mississippi,27,2012-07-31
Missouri,40,2012-07-31
Montana,30,2012-07-31
Nebraska,31,2012-07-31
Nevada,89,2012-07-31
New Hampshire,52,2012-07-31
New Jersey,53,2012-07-31
New Mexico,46,2012-07-31
New York,35,2012-07-31
North Carolina,48,2012-07-31
North Dakota,6,2012-07-31
Ohio,51,2012-07-31
Oklahoma,51,2012-07-31
Oregon,82,2012-07-31
Pennsylvania,48,2012-07-31
Rhode Island,81,2012-07-31
South Carolina,37,2012-07-31
South Dakota,6,2012-07-31
Tennessee,61,2012-07-31
Texas,31,2012-07-31
Utah,32,2012-07-31
Vermont,22,2012-07-31
Virginia,57,2012-07-31
Washington,77,2012-07-31
West Virginia,13,2012-07-31
Wisconsin,28,2012-07-31
Wyoming,30,2012-07-31
Alabama,42,2012-08-31
Alaska,61,2012-08-31
Arizona,88,2012-08-31
Arkansas,39,2012-08-31
California,81,2012-08-31
Colorado,68,2012-08-31
Connecticut,78,2012-08-31
Delaware,38,2012-08-31
District of Columbia,48,2012-08-31
Florida,78,2012-08-31
Georgia,40,2012-08-31
Hawaii,37,2012-08-31
Idaho,49,2012-08-31
Illinois,45,2012-08-31
Indiana,36,2012-08-31
Iowa,17,2012-08-31
Kansas,44,2012-08-31
Kentucky,23,2012-08-31
Louisiana,29,2012-08-31
Maine,33,2012-08-31
Maryland,74,2012-08-31
Massachusetts,69,2012-08-31
Michigan,58,2012-08-31
Minnesota,42,2012-08-31
Mississippi,20,2012-08-31
Missouri,32,2012-08-31
Montana,23,2012-08-31
Nebraska,21,2012-08-31
Nevada,87,2012-08-31
New Hampshire,21,2012-08-31
New Jersey,65,2012-08-31
New Mexico,54,2012-08-31
New York,42,2012-08-31
North Carolina,48,2012-08-31
North Dakota,41,2012-08-31
Ohio,50,2012-08-31
Oklahoma,61,2012-08-31
Oregon,100,2012-08-31
Pennsylvania,57,2012-08-31
Rhode Island,99,2012-08-31
South Carolina,40,2012-08-31
South Dakota,29,2012-08-31
Tennessee,53,2012-08-31
Texas,30,2012-08-31
Utah,29,2012-08-31
Vermont,25,2012-08-31
Virginia,70,2012-08-31
Washington,88,2012-08-31
West Virginia,42,2012-08-31
Wisconsin,28,2012-08-31
Wyoming,23,2012-08-31
Alabama,25,2012-09-30
Alaska,25,2012-09-30
Arizona,89,2012-09-30
Arkansas,28,2012-09-30
California,78,2012-09-30
Colorado,58,2012-09-30
Connecticut,94,2012-09-30
Delaware,29,2012-09-30
District of Columbia,47,2012-09-30
Florida,72,2012-09-30
Georgia,41,2012-09-30
Hawaii,29,2012-09-30
Idaho,66,2012-09-30
Illinois,43,2012-09-30
Indiana,30,2012-09-30
Iowa,19,2012-09-30
Kansas,40,2012-09-30
Kentucky,19,2012-09-30
Louisiana,13,2012-09-30
Maine,17,2012-09-30
Maryland,62,2012-09-30
Massachusetts,53,2012-09-30
Michigan,45,2012-09-30
Minnesota,43,2012-09-30
Mississippi,16,2012-09-30
Missouri,46,2012-09-30
Montana,50,2012-09-30
Nebraska,23,2012-09-30
Nevada,90,2012-09-30
New Hampshire,33,2012-09-30
New Jersey,54,2012-09-30
New Mexico,48,2012-09-30
New York,34,2012-09-30
North Carolina,48,2012-09-30
North Dakota,12,2012-09-30
Ohio,40,2012-09-30
Oklahoma,81,2012-09-30
Oregon,100,2012-09-30
Pennsylvania,51,2012-09-30
Rhode Island,81,2012-09-30
South Carolina,45,2012-09-30
South Dakota,13,2012-09-30
Tennessee,52,2012-09-30
Texas,31,2012-09-30
Utah,33,2012-09-30
Vermont,22,2012-09-30
Virginia,52,2012-09-30
Washington,79,2012-09-30
West Virginia,30,2012-09-30
Wisconsin,34,2012-09-30
Wyoming,19,2012-09-30
Alabama,30,2012-10-31
Alaska,16,2012-10-31
Arizona,96,2012-10-31
Arkansas,28,2012-10-31
California,77,2012-10-31
Colorado,60,2012-10-31
Connecticut,94,2012-10-31
Delaware,53,2012-10-31
District of Columbia,58,2012-10-31
Florida,66,2012-10-31
Georgia,41,2012-10-31
Hawaii,36,2012-10-31
Idaho,28,2012-10-31
Illinois,38,2012-10-31
Indiana,28,2012-10-31
Iowa,22,2012-10-31
Kansas,31,2012-10-31
Kentucky,24,2012-10-31
Louisiana,19,2012-10-31
Maine,22,2012-10-31
Maryland,44,2012-10-31
Massachusetts,55,2012-10-31
Michigan,49,2012-10-31
Minnesota,34,2012-10-31
Mississippi,19,2012-10-31
Missouri,36,2012-10-31
Montana,37,2012-10-31
Nebraska,23,2012-10-31
Nevada,100,2012-10-31
New Hampshire,36,2012-10-31
New Jersey,42,2012-10-31
New Mexico,46,2012-10-31
New York,32,2012-10-31
North Carolina,48,2012-10-31
North Dakota,45,2012-10-31
Ohio,44,2012-10-31
Oklahoma,64,2012-10-31
Oregon,100,2012-10-31
Pennsylvania,47,2012-10-31
Rhode Island,74,2012-10-31
South Carolina,31,2012-10-31
South Dakota,7,2012-10-31
Tennessee,51,2012-10-31
Texas,31,2012-10-31
Utah,42,2012-10-31
Vermont,30,2012-10-31
Virginia,50,2012-10-31
Washington,79,2012-10-31
West Virginia,34,2012-10-31
Wisconsin,32,2012-10-31
Wyoming,10,2012-10-31
Alabama,41,2012-11-30
Alaska,50,2012-11-30
Arizona,100,2012-11-30
Arkansas,27,2012-11-30
California,79,2012-11-30
Colorado,68,2012-11-30
Connecticut,44,2012-11-30
Delaware,67,2012-11-30
District of Columbia,44,2012-11-30
Florida,71,2012-11-30
Georgia,43,2012-11-30
Hawaii,36,2012-11-30
Idaho,54,2012-11-30
Illinois,46,2012-11-30
Indiana,44,2012-11-30
Iowa,18,2012-11-30
Kansas,25,2012-11-30
Kentucky,25,2012-11-30
Louisiana,19,2012-11-30
Maine,24,2012-11-30
Maryland,51,2012-11-30
Massachusetts,53,2012-11-30
Michigan,60,2012-11-30
Minnesota,32,2012-11-30
Mississippi,18,2012-11-30
Missouri,37,2012-11-30
Montana,41,2012-11-30
Nebraska,31,2012-11-30
Nevada,88,2012-11-30
New Hampshire,38,2012-11-30
New Jersey,45,2012-11-30
New Mexico,37,2012-11-30
New York,39,2012-11-30
North Carolina,50,2012-11-30
North Dakota,42,2012-11-30
Ohio,38,2012-11-30
Oklahoma,53,2012-11-30
Oregon,84,2012-11-30
Pennsylvania,50,2012-11-30
Rhode Island,44,2012-11-30
South Carolina,46,2012-11-30
South Dakota,15,2012-11-30
Tennessee,45,2012-11-30
Texas,34,2012-11-30
Utah,32,2012-11-30
Vermont,15,2012-11-30
Virginia,66,2012-11-30
Washington,81,2012-11-30
West Virginia,35,2012-11-30
Wisconsin,27,2012-11-30
Wyoming,23,2012-11-30
Alabama,33,2012-12-31
Alaska,20,2012-12-31
Arizona,100,2012-12-31
Arkansas,48,2012-12-31
California,82,2012-12-31
Colorado,77,2012-12-31
Connecticut,63,2012-12-31
Delaware,66,2012-12-31
District of Columbia,50,2012-12-31
Florida,96,2012-12-31
Georgia,44,2012-12-31
Hawaii,54,2012-12-31
Idaho,32,2012-12-31
Illinois,49,2012-12-31
Indiana,38,2012-12-31
Iowa,30,2012-12-31
Kansas,32,2012-12-31
Kentucky,24,2012-12-31
Louisiana,27,2012-12-31
Maine,25,2012-12-31
Maryland,64,2012-12-31
Massachusetts,62,2012-12-31
Michigan,65,2012-12-31
Minnesota,40,2012-12-31
Mississippi,26,2012-12-31
Missouri,57,2012-12-31
Montana,45,2012-12-31
Nebraska,47,2012-12-31
Nevada,89,2012-12-31
New Hampshire,47,2012-12-31
New Jersey,59,2012-12-31
New Mexico,31,2012-12-31
New York,39,2012-12-31
North Carolina,55,2012-12-31
North Dakota,26,2012-12-31
Ohio,52,2012-12-31
Oklahoma,69,2012-12-31
Oregon,94,2012-12-31
Pennsylvania,59,2012-12-31
Rhode Island,97,2012-12-31
South Carolina,61,2012-12-31
South Dakota,28,2012-12-31
Tennessee,68,2012-12-31
Texas,36,2012-12-31
Utah,55,2012-12-31
Vermont,55,2012-12-31
Virginia,64,2012-12-31
Washington,98,2012-12-31
West Virginia,25,2012-12-31
Wisconsin,43,2012-12-31
Wyoming,18,2012-12-31
Alabama,41,2013-01-31
Alaska,41,2013-01-31
Arizona,100,2013-01-31
Arkansas,44,2013-01-31
California,70,2013-01-31
Colorado,74,2013-01-31
Connecticut,83,2013-01-31
Delaware,72,2013-01-31
District of Columbia,44,2013-01-31
Florida,77,2013-01-31
Georgia,41,2013-01-31
Hawaii,45,2013-01-31
Idaho,50,2013-01-31
Illinois,41,2013-01-31
Indiana,30,2013-01-31
Iowa,24,2013-01-31
Kansas,37,2013-01-31
Kentucky,29,2013-01-31
Louisiana,22,2013-01-31
Maine,17,2013-01-31
Maryland,46,2013-01-31
Massachusetts,48,2013-01-31
Michigan,57,2013-01-31
Minnesota,41,2013-01-31
Mississippi,25,2013-01-31
Missouri,37,2013-01-31
Montana,28,2013-01-31
Nebraska,26,2013-01-31
Nevada,81,2013-01-31
New Hampshire,29,2013-01-31
New Jersey,51,2013-01-31
New Mexico,36,2013-01-31
New York,40,2013-01-31
North Carolina,51,2013-01-31
North Dakota,34,2013-01-31
Ohio,51,2013-01-31
Oklahoma,60,2013-01-31
Oregon,79,2013-01-31
Pennsylvania,52,2013-01-31
Rhode Island,55,2013-01-31
South Carolina,55,2013-01-31
South Dakota,5,2013-01-31
Tennessee,58,2013-01-31
Texas,33,2013-01-31
Utah,32,2013-01-31
Vermont,14,2013-01-31
Virginia,50,2013-01-31
Washington,78,2013-01-31
West Virginia,19,2013-01-31
Wisconsin,36,2013-01-31
Wyoming,16,2013-01-31
Alabama,32,2013-02-28
Alaska,57,2013-02-28
Arizona,91,2013-02-28
Arkansas,37,2013-02-28
California,79,2013-02-28
Colorado,77,2013-02-28
Connecticut,90,2013-02-28
Delaware,65,2013-02-28
District of Columbia,38,2013-02-28
Florida,68,2013-02-28
Georgia,52,2013-02-28
Hawaii,41,2013-02-28
Idaho,55,2013-02-28
Illinois,54,2013-02-28
Indiana,38,2013-02-28
Iowa,36,2013-02-28
Kansas,38,2013-02-28
Kentucky,39,2013-02-28
Louisiana,26,2013-02-28
Maine,30,2013-02-28
Maryland,61,2013-02-28
Massachusetts,63,2013-02-28
Michigan,71,2013-02-28
Minnesota,41,2013-02-28
Mississippi,35,2013-02-28
Missouri,56,2013-02-28
Montana,32,2013-02-28
Nebraska,29,2013-02-28
Nevada,95,2013-02-28
New Hampshire,39,2013-02-28
New Jersey,58,2013-02-28
New Mexico,48,2013-02-28
New York,45,2013-02-28
North Carolina,55,2013-02-28
North Dakota,30,2013-02-28
Ohio,61,2013-02-28
Oklahoma,55,2013-02-28
Oregon,96,2013-02-28
Pennsylvania,56,2013-02-28
Rhode Island,90,2013-02-28
South Carolina,52,2013-02-28
South Dakota,31,2013-02-28
Tennessee,71,2013-02-28
Texas,35,2013-02-28
Utah,38,2013-02-28
Vermont,51,2013-02-28
Virginia,61,2013-02-28
Washington,100,2013-02-28
West Virginia,39,2013-02-28
Wisconsin,42,2013-02-28
Wyoming,28,2013-02-28
Alabama,26,2013-03-31
Alaska,32,2013-03-31
Arizona,87,2013-03-31
Arkansas,38,2013-03-31
California,72,2013-03-31
Colorado,69,2013-03-31
Connecticut,73,2013-03-31
Delaware,58,2013-03-31
District of Columbia,43,2013-03-31
Florida,59,2013-03-31
Georgia,40,2013-03-31
Hawaii,35,2013-03-31
Idaho,47,2013-03-31
Illinois,53,2013-03-31
Indiana,34,2013-03-31
Iowa,29,2013-03-31
Kansas,36,2013-03-31
Kentucky,33,2013-03-31
Louisiana,18,2013-03-31
Maine,22,2013-03-31
Maryland,54,2013-03-31
Massachusetts,44,2013-03-31
Michigan,59,2013-03-31
Minnesota,45,2013-03-31
Mississippi,32,2013-03-31
Missouri,42,2013-03-31
Montana,39,2013-03-31
Nebraska,30,2013-03-31
Nevada,100,2013-03-31
New Hampshire,48,2013-03-31
New Jersey,65,2013-03-31
New Mexico,50,2013-03-31
New York,40,2013-03-31
North Carolina,56,2013-03-31
North Dakota,15,2013-03-31
Ohio,54,2013-03-31
Oklahoma,49,2013-03-31
Oregon,92,2013-03-31
Pennsylvania,59,2013-03-31
Rhode Island,65,2013-03-31
South Carolina,47,2013-03-31
South Dakota,20,2013-03-31
Tennessee,58,2013-03-31
Texas,35,2013-03-31
Utah,40,2013-03-31
Vermont,45,2013-03-31
Virginia,65,2013-03-31
Washington,88,2013-03-31
West Virginia,18,2013-03-31
Wisconsin,40,2013-03-31
Wyoming,38,2013-03-31
Alabama,34,2013-04-30
Alaska,32,2013-04-30
Arizona,92,2013-04-30
Arkansas,54,2013-04-30
California,73,2013-04-30
Colorado,79,2013-04-30
Connecticut,73,2013-04-30
Delaware,40,2013-04-30
District of Columbia,41,2013-04-30
Florida,64,2013-04-30
Georgia,48,2013-04-30
Hawaii,36,2013-04-30
Idaho,40,2013-04-30
Illinois,46,2013-04-30
Indiana,51,2013-04-30
Iowa,26,2013-04-30
Kansas,37,2013-04-30
Kentucky,35,2013-04-30
Louisiana,32,2013-04-30
Maine,14,2013-04-30
Maryland,56,2013-04-30
Massachusetts,55,2013-04-30
Michigan,65,2013-04-30
Minnesota,39,2013-04-30
Mississippi,16,2013-04-30
Missouri,43,2013-04-30
Montana,16,2013-04-30
Nebraska,31,2013-04-30
Nevada,100,2013-04-30
New Hampshire,32,2013-04-30
New Jersey,52,2013-04-30
New Mexico,52,2013-04-30
New York,41,2013-04-30
North Carolina,59,2013-04-30
North Dakota,16,2013-04-30
Ohio,52,2013-04-30
Oklahoma,56,2013-04-30
Oregon,96,2013-04-30
Pennsylvania,50,2013-04-30
Rhode Island,71,2013-04-30
South Carolina,63,2013-04-30
South Dakota,17,2013-04-30
Tennessee,56,2013-04-30
Texas,34,2013-04-30
Utah,43,2013-04-30
Vermont,15,2013-04-30
Virginia,61,2013-04-30
Washington,89,2013-04-30
West Virginia,37,2013-04-30
Wisconsin,36,2013-04-30
Wyoming,13,2013-04-30
Alabama,32,2013-05-31
Alaska,29,2013-05-31
Arizona,90,2013-05-31
Arkansas,22,2013-05-31
California,57,2013-05-31
Colorado,62,2013-05-31
Connecticut,76,2013-05-31
Delaware,59,2013-05-31
District of Columbia,32,2013-05-31
Florida,59,2013-05-31
Georgia,43,2013-05-31
Hawaii,34,2013-05-31
Idaho,50,2013-05-31
Illinois,43,2013-05-31
Indiana,30,2013-05-31
Iowa,33,2013-05-31
Kansas,41,2013-05-31
Kentucky,25,2013-05-31
Louisiana,23,2013-05-31
Maine,23,2013-05-31
Maryland,44,2013-05-31
Massachusetts,51,2013-05-31
Michigan,61,2013-05-31
Minnesota,41,2013-05-31
Mississippi,28,2013-05-31
Missouri,44,2013-05-31
Montana,31,2013-05-31
Nebraska,36,2013-05-31
Nevada,75,2013-05-31
New Hampshire,31,2013-05-31
New Jersey,46,2013-05-31
New Mexico,49,2013-05-31
New York,37,2013-05-31
North Carolina,46,2013-05-31
North Dakota,39,2013-05-31
Ohio,46,2013-05-31
Oklahoma,41,2013-05-31
Oregon,100,2013-05-31
Pennsylvania,48,2013-05-31
Rhode Island,49,2013-05-31
South Carolina,46,2013-05-31
South Dakota,19,2013-05-31
Tennessee,48,2013-05-31
Texas,28,2013-05-31
Utah,32,2013-05-31
Vermont,32,2013-05-31
Virginia,55,2013-05-31
Washington,71,2013-05-31
West Virginia,28,2013-05-31
Wisconsin,37,2013-05-31
Wyoming,34,2013-05-31
Alabama,40,2013-06-30
Alaska,39,2013-06-30
Arizona,89,2013-06-30
Arkansas,55,2013-06-30
California,72,2013-06-30
Colorado,76,2013-06-30
Connecticut,84,2013-06-30
Delaware,72,2013-06-30
District of Columbia,62,2013-06-30
Florida,75,2013-06-30
Georgia,46,2013-06-30
Hawaii,36,2013-06-30
Idaho,51,2013-06-30
Illinois,51,2013-06-30
Indiana,42,2013-06-30
Iowa,26,2013-06-30
Kansas,42,2013-06-30
Kentucky,41,2013-06-30
Louisiana,31,2013-06-30
Maine,24,2013-06-30
Maryland,66,2013-06-30
Massachusetts,57,2013-06-30
Michigan,63,2013-06-30
Minnesota,52,2013-06-30
Mississippi,34,2013-06-30
Missouri,49,2013-06-30
Montana,44,2013-06-30
Nebraska,44,2013-06-30
Nevada,100,2013-06-30
New Hampshire,29,2013-06-30
New Jersey,53,2013-06-30
New Mexico,49,2013-06-30
New York,42,2013-06-30
North Carolina,50,2013-06-30
North Dakota,27,2013-06-30
Ohio,55,2013-06-30
Oklahoma,57,2013-06-30
Oregon,40,2013-06-30
Pennsylvania,54,2013-06-30
Rhode Island,75,2013-06-30
South Carolina,66,2013-06-30
South Dakota,24,2013-06-30
Tennessee,48,2013-06-30
Texas,36,2013-06-30
Utah,47,2013-06-30
Vermont,34,2013-06-30
Virginia,60,2013-06-30
Washington,78,2013-06-30
West Virginia,33,2013-06-30
Wisconsin,44,2013-06-30
Wyoming,28,2013-06-30
Alabama,35,2013-07-31
Alaska,58,2013-07-31
Arizona,100,2013-07-31
Arkansas,57,2013-07-31
California,82,2013-07-31
Colorado,87,2013-07-31
Connecticut,84,2013-07-31
Delaware,77,2013-07-31
District of Columbia,47,2013-07-31
Florida,83,2013-07-31
Georgia,56,2013-07-31
Hawaii,29,2013-07-31
Idaho,86,2013-07-31
Illinois,58,2013-07-31
Indiana,38,2013-07-31
Iowa,30,2013-07-31
Kansas,35,2013-07-31
Kentucky,40,2013-07-31
Louisiana,34,2013-07-31
Maine,25,2013-07-31
Maryland,67,2013-07-31
Massachusetts,71,2013-07-31
Michigan,70,2013-07-31
Minnesota,55,2013-07-31
Mississippi,35,2013-07-31
Missouri,53,2013-07-31
Montana,64,2013-07-31
Nebraska,39,2013-07-31
Nevada,81,2013-07-31
New Hampshire,62,2013-07-31
New Jersey,58,2013-07-31
New Mexico,39,2013-07-31
New York,53,2013-07-31
North Carolina,56,2013-07-31
North Dakota,24,2013-07-31
Ohio,56,2013-07-31
Oklahoma,54,2013-07-31
Oregon,48,2013-07-31
Pennsylvania,59,2013-07-31
Rhode Island,66,2013-07-31
South Carolina,57,2013-07-31
South Dakota,21,2013-07-31
Tennessee,57,2013-07-31
Texas,38,2013-07-31
Utah,31,2013-07-31
Vermont,49,2013-07-31
Virginia,63,2013-07-31
Washington,94,2013-07-31
West Virginia,36,2013-07-31
Wisconsin,47,2013-07-31
Wyoming,37,2013-07-31
Alabama,38,2013-08-31
Alaska,32,2013-08-31
Arizona,100,2013-08-31
Arkansas,47,2013-08-31
California,81,2013-08-31
Colorado,79,2013-08-31
Connecticut,78,2013-08-31
Delaware,46,2013-08-31
District of Columbia,60,2013-08-31
Florida,79,2013-08-31
Georgia,54,2013-08-31
Hawaii,39,2013-08-31
Idaho,53,2013-08-31
Illinois,51,2013-08-31
Indiana,44,2013-08-31
Iowa,38,2013-08-31
Kansas,34,2013-08-31
Kentucky,36,2013-08-31
Louisiana,30,2013-08-31
Maine,30,2013-08-31
Maryland,70,2013-08-31
Massachusetts,59,2013-08-31
Michigan,72,2013-08-31
Minnesota,43,2013-08-31
Mississippi,24,2013-08-31
Missouri,49,2013-08-31
Montana,31,2013-08-31
Nebraska,52,2013-08-31
Nevada,92,2013-08-31
New Hampshire,57,2013-08-31
New Jersey,61,2013-08-31
New Mexico,54,2013-08-31
New York,48,2013-08-31
North Carolina,59,2013-08-31
North Dakota,34,2013-08-31
Ohio,58,2013-08-31
Oklahoma,49,2013-08-31
Oregon,40,2013-08-31
Pennsylvania,61,2013-08-31
Rhode Island,77,2013-08-31
South Carolina,46,2013-08-31
South Dakota,26,2013-08-31
Tennessee,66,2013-08-31
Texas,42,2013-08-31
Utah,42,2013-08-31
Vermont,32,2013-08-31
Virginia,65,2013-08-31
Washington,85,2013-08-31
West Virginia,38,2013-08-31
Wisconsin,43,2013-08-31
Wyoming,46,2013-08-31
Alabama,38,2013-09-30
Alaska,45,2013-09-30
Arizona,100,2013-09-30
Arkansas,52,2013-09-30
California,81,2013-09-30
Colorado,71,2013-09-30
Connecticut,78,2013-09-30
Delaware,58,2013-09-30
District of Columbia,46,2013-09-30
Florida,81,2013-09-30
Georgia,57,2013-09-30
Hawaii,59,2013-09-30
Idaho,62,2013-09-30
Illinois,50,2013-09-30
Indiana,46,2013-09-30
Iowa,21,2013-09-30
Kansas,32,2013-09-30
Kentucky,37,2013-09-30
Louisiana,31,2013-09-30
Maine,24,2013-09-30
Maryland,62,2013-09-30
Massachusetts,62,2013-09-30
Michigan,72,2013-09-30
Minnesota,43,2013-09-30
Mississippi,43,2013-09-30
Missouri,53,2013-09-30
Montana,39,2013-09-30
Nebraska,50,2013-09-30
Nevada,89,2013-09-30
New Hampshire,36,2013-09-30
New Jersey,55,2013-09-30
New Mexico,48,2013-09-30
New York,50,2013-09-30
North Carolina,58,2013-09-30
North Dakota,17,2013-09-30
Ohio,58,2013-09-30
Oklahoma,48,2013-09-30
Oregon,41,2013-09-30
Pennsylvania,65,2013-09-30
Rhode Island,57,2013-09-30
South Carolina,59,2013-09-30
South Dakota,40,2013-09-30
Tennessee,61,2013-09-30
Texas,37,2013-09-30
Utah,51,2013-09-30
Vermont,52,2013-09-30
Virginia,61,2013-09-30
Washington,91,2013-09-30
West Virginia,38,2013-09-30
Wisconsin,43,2013-09-30
Wyoming,41,2013-09-30
Alabama,43,2013-10-31
Alaska,27,2013-10-31
Arizona,100,2013-10-31
Arkansas,46,2013-10-31
California,85,2013-10-31
Colorado,88,2013-10-31
Connecticut,88,2013-10-31
Delaware,44,2013-10-31
District of Columbia,53,2013-10-31
Florida,81,2013-10-31
Georgia,55,2013-10-31
Hawaii,35,2013-10-31
Idaho,59,2013-10-31
Illinois,53,2013-10-31
Indiana,40,2013-10-31
Iowa,47,2013-10-31
Kansas,44,2013-10-31
Kentucky,39,2013-10-31
Louisiana,33,2013-10-31
Maine,32,2013-10-31
Maryland,64,2013-10-31
Massachusetts,67,2013-10-31
Michigan,77,2013-10-31
Minnesota,38,2013-10-31
Mississippi,23,2013-10-31
Missouri,61,2013-10-31
Montana,37,2013-10-31
Nebraska,42,2013-10-31
Nevada,99,2013-10-31
New Hampshire,43,2013-10-31
New Jersey,63,2013-10-31
New Mexico,38,2013-10-31
New York,48,2013-10-31
North Carolina,55,2013-10-31
North Dakota,34,2013-10-31
Ohio,59,2013-10-31
Oklahoma,54,2013-10-31
Oregon,48,2013-10-31
Pennsylvania,59,2013-10-31
Rhode Island,64,2013-10-31
South Carolina,48,2013-10-31
South Dakota,36,2013-10-31
Tennessee,65,2013-10-31
Texas,38,2013-10-31
Utah,63,2013-10-31
Vermont,28,2013-10-31
Virginia,65,2013-10-31
Washington,85,2013-10-31
West Virginia,21,2013-10-31
Wisconsin,43,2013-10-31
Wyoming,55,2013-10-31
Alabama,35,2013-11-30
Alaska,41,2013-11-30
Arizona,99,2013-11-30
Arkansas,63,2013-11-30
California,84,2013-11-30
Colorado,86,2013-11-30
Connecticut,92,2013-11-30
Delaware,57,2013-11-30
District of Columbia,61,2013-11-30
Florida,77,2013-11-30
Georgia,65,2013-11-30
Hawaii,39,2013-11-30
Idaho,80,2013-11-30
Illinois,51,2013-11-30
Indiana,46,2013-11-30
Iowa,41,2013-11-30
Kansas,34,2013-11-30
Kentucky,35,2013-11-30
Louisiana,31,2013-11-30
Maine,31,2013-11-30
Maryland,74,2013-11-30
Massachusetts,54,2013-11-30
Michigan,70,2013-11-30
Minnesota,47,2013-11-30
Mississippi,42,2013-11-30
Missouri,57,2013-11-30
Montana,30,2013-11-30
Nebraska,41,2013-11-30
Nevada,80,2013-11-30
New Hampshire,33,2013-11-30
New Jersey,52,2013-11-30
New Mexico,69,2013-11-30
New York,46,2013-11-30
North Carolina,68,2013-11-30
North Dakota,20,2013-11-30
Ohio,56,2013-11-30
Oklahoma,55,2013-11-30
Oregon,53,2013-11-30
Pennsylvania,60,2013-11-30
Rhode Island,58,2013-11-30
South Carolina,60,2013-11-30
South Dakota,32,2013-11-30
Tennessee,76,2013-11-30
Texas,42,2013-11-30
Utah,37,2013-11-30
Vermont,28,2013-11-30
Virginia,66,2013-11-30
Washington,100,2013-11-30
West Virginia,24,2013-11-30
Wisconsin,38,2013-11-30
Wyoming,58,2013-11-30
Alabama,47,2013-12-31
Alaska,43,2013-12-31
Arizona,100,2013-12-31
Arkansas,46,2013-12-31
California,72,2013-12-31
Colorado,65,2013-12-31
Connecticut,82,2013-12-31
Delaware,57,2013-12-31
District of Columbia,47,2013-12-31
Florida,78,2013-12-31
Georgia,50,2013-12-31
Hawaii,31,2013-12-31
Idaho,54,2013-12-31
Illinois,48,2013-12-31
Indiana,41,2013-12-31
Iowa,31,2013-12-31
Kansas,27,2013-12-31
Kentucky,29,2013-12-31
Louisiana,31,2013-12-31
Maine,32,2013-12-31
Maryland,58,2013-12-31
Massachusetts,61,2013-12-31
Michigan,61,2013-12-31
Minnesota,33,2013-12-31
Mississippi,28,2013-12-31
Missouri,51,2013-12-31
Montana,29,2013-12-31
Nebraska,46,2013-12-31
Nevada,84,2013-12-31
New Hampshire,51,2013-12-31
New Jersey,51,2013-12-31
New Mexico,44,2013-12-31
New York,40,2013-12-31
North Carolina,58,2013-12-31
North Dakota,19,2013-12-31
Ohio,53,2013-12-31
Oklahoma,46,2013-12-31
Oregon,47,2013-12-31
Pennsylvania,52,2013-12-31
Rhode Island,64,2013-12-31
South Carolina,51,2013-12-31
South Dakota,20,2013-12-31
Tennessee,62,2013-12-31
Texas,39,2013-12-31
Utah,37,2013-12-31
Vermont,38,2013-12-31
Virginia,55,2013-12-31
Washington,83,2013-12-31
West Virginia,30,2013-12-31
Wisconsin,33,2013-12-31
Wyoming,41,2013-12-31
Alabama,39,2014-01-31
Alaska,46,2014-01-31
Arizona,100,2014-01-31
Arkansas,53,2014-01-31
California,75,2014-01-31
Colorado,82,2014-01-31
Connecticut,86,2014-01-31
Delaware,64,2014-01-31
District of Columbia,55,2014-01-31
Florida,89,2014-01-31
Georgia,55,2014-01-31
Hawaii,46,2014-01-31
Idaho,87,2014-01-31
Illinois,52,2014-01-31
Indiana,40,2014-01-31
Iowa,31,2014-01-31
Kansas,44,2014-01-31
Kentucky,41,2014-01-31
Louisiana,27,2014-01-31
Maine,38,2014-01-31
Maryland,66,2014-01-31
Massachusetts,71,2014-01-31
Michigan,72,2014-01-31
Minnesota,38,2014-01-31
Mississippi,32,2014-01-31
Missouri,64,2014-01-31
Montana,48,2014-01-31
Nebraska,47,2014-01-31
Nevada,92,2014-01-31
New Hampshire,49,2014-01-31
New Jersey,54,2014-01-31
New Mexico,50,2014-01-31
New York,43,2014-01-31
North Carolina,60,2014-01-31
North Dakota,37,2014-01-31
Ohio,53,2014-01-31
Oklahoma,57,2014-01-31
Oregon,50,2014-01-31
Pennsylvania,56,2014-01-31
Rhode Island,57,2014-01-31
South Carolina,63,2014-01-31
South Dakota,31,2014-01-31
Tennessee,69,2014-01-31
Texas,40,2014-01-31
Utah,54,2014-01-31
Vermont,45,2014-01-31
Virginia,53,2014-01-31
Washington,89,2014-01-31
West Virginia,31,2014-01-31
Wisconsin,46,2014-01-31
Wyoming,35,2014-01-31
Alabama,53,2014-02-28
Alaska,56,2014-02-28
Arizona,91,2014-02-28
Arkansas,49,2014-02-28
California,70,2014-02-28
Colorado,80,2014-02-28
Connecticut,78,2014-02-28
Delaware,50,2014-02-28
District of Columbia,48,2014-02-28
Florida,85,2014-02-28
Georgia,56,2014-02-28
Hawaii,43,2014-02-28
Idaho,90,2014-02-28
Illinois,54,2014-02-28
Indiana,50,2014-02-28
Iowa,38,2014-02-28
Kansas,51,2014-02-28
Kentucky,45,2014-02-28
Louisiana,31,2014-02-28
Maine,42,2014-02-28
Maryland,64,2014-02-28
Massachusetts,61,2014-02-28
Michigan,66,2014-02-28
Minnesota,50,2014-02-28
Mississippi,35,2014-02-28
Missouri,59,2014-02-28
Montana,54,2014-02-28
Nebraska,44,2014-02-28
Nevada,90,2014-02-28
New Hampshire,54,2014-02-28
New Jersey,47,2014-02-28
New Mexico,55,2014-02-28
New York,45,2014-02-28
North Carolina,59,2014-02-28
North Dakota,52,2014-02-28
Ohio,56,2014-02-28
Oklahoma,58,2014-02-28
Oregon,93,2014-02-28
Pennsylvania,60,2014-02-28
Rhode Island,92,2014-02-28
South Carolina,47,2014-02-28
South Dakota,41,2014-02-28
Tennessee,59,2014-02-28
Texas,42,2014-02-28
Utah,53,2014-02-28
Vermont,51,2014-02-28
Virginia,59,2014-02-28
Washington,100,2014-02-28
West Virginia,31,2014-02-28
Wisconsin,50,2014-02-28
Wyoming,45,2014-02-28
Alabama,44,2014-03-31
Alaska,65,2014-03-31
Arizona,100,2014-03-31
Arkansas,61,2014-03-31
California,73,2014-03-31
Colorado,89,2014-03-31
Connecticut,81,2014-03-31
Delaware,83,2014-03-31
District of Columbia,49,2014-03-31
Florida,88,2014-03-31
Georgia,57,2014-03-31
Hawaii,40,2014-03-31
Idaho,60,2014-03-31
Illinois,59,2014-03-31
Indiana,62,2014-03-31
Iowa,50,2014-03-31
Kansas,45,2014-03-31
Kentucky,44,2014-03-31
Louisiana,33,2014-03-31
Maine,49,2014-03-31
Maryland,62,2014-03-31
Massachusetts,66,2014-03-31
Michigan,78,2014-03-31
Minnesota,50,2014-03-31
Mississippi,33,2014-03-31
Missouri,70,2014-03-31
Montana,55,2014-03-31
Nebraska,48,2014-03-31
Nevada,81,2014-03-31
New Hampshire,44,2014-03-31
New Jersey,52,2014-03-31
New Mexico,52,2014-03-31
New York,49,2014-03-31
North Carolina,64,2014-03-31
North Dakota,36,2014-03-31
Ohio,63,2014-03-31
Oklahoma,50,2014-03-31
Oregon,62,2014-03-31
Pennsylvania,61,2014-03-31
Rhode Island,71,2014-03-31
South Carolina,64,2014-03-31
South Dakota,41,2014-03-31
Tennessee,65,2014-03-31
Texas,42,2014-03-31
Utah,40,2014-03-31
Vermont,53,2014-03-31
Virginia,61,2014-03-31
Washington,99,2014-03-31
West Virginia,49,2014-03-31
Wisconsin,54,2014-03-31
Wyoming,66,2014-03-31
Alabama,57,2014-04-30
Alaska,42,2014-04-30
Arizona,100,2014-04-30
Arkansas,50,2014-04-30
California,82,2014-04-30
Colorado,96,2014-04-30
Connecticut,64,2014-04-30
Delaware,84,2014-04-30
District of Columbia,58,2014-04-30
Florida,91,2014-04-30
Georgia,63,2014-04-30
Hawaii,53,2014-04-30
Idaho,65,2014-04-30
Illinois,70,2014-04-30
Indiana,67,2014-04-30
Iowa,60,2014-04-30
Kansas,47,2014-04-30
Kentucky,49,2014-04-30
Louisiana,40,2014-04-30
Maine,38,2014-04-30
Maryland,69,2014-04-30
Massachusetts,72,2014-04-30
Michigan,92,2014-04-30
Minnesota,58,2014-04-30
Mississippi,50,2014-04-30
Missouri,70,2014-04-30
Montana,64,2014-04-30
Nebraska,52,2014-04-30
Nevada,97,2014-04-30
New Hampshire,61,2014-04-30
New Jersey,64,2014-04-30
New Mexico,59,2014-04-30
New York,62,2014-04-30
North Carolina,70,2014-04-30
North Dakota,53,2014-04-30
Ohio,68,2014-04-30
Oklahoma,62,2014-04-30
Oregon,74,2014-04-30
Pennsylvania,62,2014-04-30
Rhode Island,75,2014-04-30
South Carolina,69,2014-04-30
South Dakota,34,2014-04-30
Tennessee,81,2014-04-30
Texas,49,2014-04-30
Utah,58,2014-04-30
Vermont,86,2014-04-30
Virginia,64,2014-04-30
Washington,99,2014-04-30
West Virginia,51,2014-04-30
Wisconsin,56,2014-04-30
Wyoming,61,2014-04-30
Alabama,46,2014-05-31
Alaska,54,2014-05-31
Arizona,93,2014-05-31
Arkansas,54,2014-05-31
California,75,2014-05-31
Colorado,78,2014-05-31
Connecticut,63,2014-05-31
Delaware,60,2014-05-31
District of Columbia,47,2014-05-31
Florida,77,2014-05-31
Georgia,55,2014-05-31
Hawaii,39,2014-05-31
Idaho,70,2014-05-31
Illinois,58,2014-05-31
Indiana,60,2014-05-31
Iowa,47,2014-05-31
Kansas,52,2014-05-31
Kentucky,39,2014-05-31
Louisiana,29,2014-05-31
Maine,50,2014-05-31
Maryland,63,2014-05-31
Massachusetts,66,2014-05-31
Michigan,78,2014-05-31
Minnesota,56,2014-05-31
Mississippi,37,2014-05-31
Missouri,69,2014-05-31
Montana,55,2014-05-31
Nebraska,61,2014-05-31
Nevada,85,2014-05-31
New Hampshire,49,2014-05-31
New Jersey,50,2014-05-31
New Mexico,49,2014-05-31
New York,49,2014-05-31
North Carolina,63,2014-05-31
North Dakota,41,2014-05-31
Ohio,66,2014-05-31
Oklahoma,55,2014-05-31
Oregon,56,2014-05-31
Pennsylvania,65,2014-05-31
Rhode Island,69,2014-05-31
South Carolina,62,2014-05-31
South Dakota,47,2014-05-31
Tennessee,67,2014-05-31
Texas,43,2014-05-31
Utah,54,2014-05-31
Vermont,59,2014-05-31
Virginia,54,2014-05-31
Washington,100,2014-05-31
West Virginia,47,2014-05-31
Wisconsin,52,2014-05-31
Wyoming,69,2014-05-31
Alabama,64,2014-06-30
Alaska,45,2014-06-30
Arizona,95,2014-06-30
Arkansas,81,2014-06-30
California,84,2014-06-30
Colorado,88,2014-06-30
Connecticut,78,2014-06-30
Delaware,80,2014-06-30
District of Columbia,54,2014-06-30
Florida,85,2014-06-30
Georgia,59,2014-06-30
Hawaii,32,2014-06-30
Idaho,83,2014-06-30
Illinois,69,2014-06-30
Indiana,68,2014-06-30
Iowa,57,2014-06-30
Kansas,49,2014-06-30
Kentucky,50,2014-06-30
Louisiana,40,2014-06-30
Maine,52,2014-06-30
Maryland,68,2014-06-30
Massachusetts,72,2014-06-30
Michigan,92,2014-06-30
Minnesota,57,2014-06-30
Mississippi,38,2014-06-30
Missouri,69,2014-06-30
Montana,70,2014-06-30
Nebraska,63,2014-06-30
Nevada,89,2014-06-30
New Hampshire,64,2014-06-30
New Jersey,65,2014-06-30
New Mexico,57,2014-06-30
New York,56,2014-06-30
North Carolina,64,2014-06-30
North Dakota,29,2014-06-30
Ohio,76,2014-06-30
Oklahoma,70,2014-06-30
Oregon,60,2014-06-30
Pennsylvania,65,2014-06-30
Rhode Island,80,2014-06-30
South Carolina,64,2014-06-30
South Dakota,30,2014-06-30
Tennessee,77,2014-06-30
Texas,46,2014-06-30
Utah,52,2014-06-30
Vermont,84,2014-06-30
Virginia,45,2014-06-30
Washington,100,2014-06-30
West Virginia,44,2014-06-30
Wisconsin,49,2014-06-30
Wyoming,34,2014-06-30
Alabama,50,2014-07-31
Alaska,49,2014-07-31
Arizona,100,2014-07-31
Arkansas,52,2014-07-31
California,80,2014-07-31
Colorado,79,2014-07-31
Connecticut,88,2014-07-31
Delaware,50,2014-07-31
District of Columbia,64,2014-07-31
Florida,89,2014-07-31
Georgia,55,2014-07-31
Hawaii,45,2014-07-31
Idaho,73,2014-07-31
Illinois,63,2014-07-31
Indiana,52,2014-07-31
Iowa,44,2014-07-31
Kansas,40,2014-07-31
Kentucky,53,2014-07-31
Louisiana,43,2014-07-31
Maine,64,2014-07-31
Maryland,64,2014-07-31
Massachusetts,73,2014-07-31
Michigan,80,2014-07-31
Minnesota,53,2014-07-31
Mississippi,43,2014-07-31
Missouri,66,2014-07-31
Montana,91,2014-07-31
Nebraska,52,2014-07-31
Nevada,82,2014-07-31
New Hampshire,61,2014-07-31
New Jersey,58,2014-07-31
New Mexico,58,2014-07-31
New York,55,2014-07-31
North Carolina,66,2014-07-31
North Dakota,43,2014-07-31
Ohio,63,2014-07-31
Oklahoma,77,2014-07-31
Oregon,63,2014-07-31
Pennsylvania,68,2014-07-31
Rhode Island,75,2014-07-31
South Carolina,64,2014-07-31
South Dakota,43,2014-07-31
Tennessee,86,2014-07-31
Texas,49,2014-07-31
Utah,54,2014-07-31
Vermont,76,2014-07-31
Virginia,39,2014-07-31
Washington,97,2014-07-31
West Virginia,39,2014-07-31
Wisconsin,53,2014-07-31
Wyoming,49,2014-07-31
Alabama,48,2014-08-31
Alaska,63,2014-08-31
Arizona,91,2014-08-31
Arkansas,48,2014-08-31
California,76,2014-08-31
Colorado,76,2014-08-31
Connecticut,77,2014-08-31
Delaware,96,2014-08-31
District of Columbia,52,2014-08-31
Florida,86,2014-08-31
Georgia,60,2014-08-31
Hawaii,48,2014-08-31
Idaho,71,2014-08-31
Illinois,63,2014-08-31
Indiana,57,2014-08-31
Iowa,41,2014-08-31
Kansas,58,2014-08-31
Kentucky,50,2014-08-31
Louisiana,42,2014-08-31
Maine,64,2014-08-31
Maryland,66,2014-08-31
Massachusetts,67,2014-08-31
Michigan,89,2014-08-31
Minnesota,56,2014-08-31
Mississippi,39,2014-08-31
Missouri,65,2014-08-31
Montana,60,2014-08-31
Nebraska,72,2014-08-31
Nevada,82,2014-08-31
New Hampshire,53,2014-08-31
New Jersey,69,2014-08-31
New Mexico,57,2014-08-31
New York,58,2014-08-31
North Carolina,73,2014-08-31
North Dakota,37,2014-08-31
Ohio,71,2014-08-31
Oklahoma,52,2014-08-31
Oregon,59,2014-08-31
Pennsylvania,70,2014-08-31
Rhode Island,78,2014-08-31
South Carolina,62,2014-08-31
South Dakota,51,2014-08-31
Tennessee,72,2014-08-31
Texas,46,2014-08-31
Utah,62,2014-08-31
Vermont,80,2014-08-31
Virginia,37,2014-08-31
Washington,100,2014-08-31
West Virginia,56,2014-08-31
Wisconsin,60,2014-08-31
Wyoming,51,2014-08-31
Alabama,45,2014-09-30
Alaska,51,2014-09-30
Arizona,100,2014-09-30
Arkansas,63,2014-09-30
California,81,2014-09-30
Colorado,88,2014-09-30
Connecticut,76,2014-09-30
Delaware,86,2014-09-30
District of Columbia,51,2014-09-30
Florida,93,2014-09-30
Georgia,56,2014-09-30
Hawaii,60,2014-09-30
Idaho,96,2014-09-30
Illinois,64,2014-09-30
Indiana,51,2014-09-30
Iowa,49,2014-09-30
Kansas,50,2014-09-30
Kentucky,50,2014-09-30
Louisiana,39,2014-09-30
Maine,30,2014-09-30
Maryland,71,2014-09-30
Massachusetts,65,2014-09-30
Michigan,71,2014-09-30
Minnesota,52,2014-09-30
Mississippi,43,2014-09-30
Missouri,74,2014-09-30
Montana,58,2014-09-30
Nebraska,55,2014-09-30
Nevada,93,2014-09-30
New Hampshire,78,2014-09-30
New Jersey,64,2014-09-30
New Mexico,70,2014-09-30
New York,56,2014-09-30
North Carolina,67,2014-09-30
North Dakota,54,2014-09-30
Ohio,71,2014-09-30
Oklahoma,46,2014-09-30
Oregon,51,2014-09-30
Pennsylvania,66,2014-09-30
Rhode Island,85,2014-09-30
South Carolina,64,2014-09-30
South Dakota,33,2014-09-30
Tennessee,77,2014-09-30
Texas,45,2014-09-30
Utah,53,2014-09-30
Vermont,65,2014-09-30
Virginia,32,2014-09-30
Washington,94,2014-09-30
West Virginia,43,2014-09-30
Wisconsin,55,2014-09-30
Wyoming,63,2014-09-30
Alabama,50,2014-10-31
Alaska,21,2014-10-31
Arizona,91,2014-10-31
Arkansas,54,2014-10-31
California,69,2014-10-31
Colorado,79,2014-10-31
Connecticut,73,2014-10-31
Delaware,100,2014-10-31
District of Columbia,48,2014-10-31
Florida,75,2014-10-31
Georgia,54,2014-10-31
Hawaii,55,2014-10-31
Idaho,51,2014-10-31
Illinois,53,2014-10-31
Indiana,43,2014-10-31
Iowa,47,2014-10-31
Kansas,41,2014-10-31
Kentucky,46,2014-10-31
Louisiana,33,2014-10-31
Maine,30,2014-10-31
Maryland,55,2014-10-31
Massachusetts,65,2014-10-31
Michigan,72,2014-10-31
Minnesota,37,2014-10-31
Mississippi,31,2014-10-31
Missouri,60,2014-10-31
Montana,42,2014-10-31
Nebraska,58,2014-10-31
Nevada,85,2014-10-31
New Hampshire,59,2014-10-31
New Jersey,52,2014-10-31
New Mexico,47,2014-10-31
New York,49,2014-10-31
North Carolina,50,2014-10-31
North Dakota,32,2014-10-31
Ohio,57,2014-10-31
Oklahoma,51,2014-10-31
Oregon,51,2014-10-31
Pennsylvania,54,2014-10-31
Rhode Island,63,2014-10-31
South Carolina,61,2014-10-31
South Dakota,51,2014-10-31
Tennessee,58,2014-10-31
Texas,40,2014-10-31
Utah,53,2014-10-31
Vermont,24,2014-10-31
Virginia,33,2014-10-31
Washington,82,2014-10-31
West Virginia,47,2014-10-31
Wisconsin,41,2014-10-31
Wyoming,28,2014-10-31
Alabama,51,2014-11-30
Alaska,49,2014-11-30
Arizona,100,2014-11-30
Arkansas,32,2014-11-30
California,68,2014-11-30
Colorado,69,2014-11-30
Connecticut,73,2014-11-30
Delaware,56,2014-11-30
District of Columbia,39,2014-11-30
Florida,77,2014-11-30
Georgia,50,2014-11-30
Hawaii,43,2014-11-30
Idaho,56,2014-11-30
Illinois,49,2014-11-30
Indiana,47,2014-11-30
Iowa,45,2014-11-30
Kansas,44,2014-11-30
Kentucky,41,2014-11-30
Louisiana,34,2014-11-30
Maine,59,2014-11-30
Maryland,62,2014-11-30
Massachusetts,55,2014-11-30
Michigan,67,2014-11-30
Minnesota,40,2014-11-30
Mississippi,60,2014-11-30
Missouri,56,2014-11-30
Montana,53,2014-11-30
Nebraska,61,2014-11-30
Nevada,80,2014-11-30
New Hampshire,40,2014-11-30
New Jersey,53,2014-11-30
New Mexico,53,2014-11-30
New York,45,2014-11-30
North Carolina,60,2014-11-30
North Dakota,36,2014-11-30
Ohio,55,2014-11-30
Oklahoma,49,2014-11-30
Oregon,43,2014-11-30
Pennsylvania,53,2014-11-30
Rhode Island,79,2014-11-30
South Carolina,66,2014-11-30
South Dakota,25,2014-11-30
Tennessee,58,2014-11-30
Texas,41,2014-11-30
Utah,31,2014-11-30
Vermont,47,2014-11-30
Virginia,32,2014-11-30
Washington,73,2014-11-30
West Virginia,39,2014-11-30
Wisconsin,39,2014-11-30
Wyoming,57,2014-11-30
Alabama,62,2014-12-31
Alaska,56,2014-12-31
Arizona,100,2014-12-31
Arkansas,71,2014-12-31
California,70,2014-12-31
Colorado,83,2014-12-31
Connecticut,78,2014-12-31
Delaware,74,2014-12-31
District of Columbia,55,2014-12-31
Florida,93,2014-12-31
Georgia,61,2014-12-31
Hawaii,48,2014-12-31
Idaho,68,2014-12-31
Illinois,58,2014-12-31
Indiana,49,2014-12-31
Iowa,42,2014-12-31
Kansas,54,2014-12-31
Kentucky,48,2014-12-31
Louisiana,37,2014-12-31
Maine,48,2014-12-31
Maryland,69,2014-12-31
Massachusetts,65,2014-12-31
Michigan,87,2014-12-31
Minnesota,59,2014-12-31
Mississippi,50,2014-12-31
Missouri,70,2014-12-31
Montana,97,2014-12-31
Nebraska,67,2014-12-31
Nevada,96,2014-12-31
New Hampshire,53,2014-12-31
New Jersey,65,2014-12-31
New Mexico,63,2014-12-31
New York,52,2014-12-31
North Carolina,70,2014-12-31
North Dakota,35,2014-12-31
Ohio,61,2014-12-31
Oklahoma,62,2014-12-31
Oregon,47,2014-12-31
Pennsylvania,68,2014-12-31
Rhode Island,50,2014-12-31
South Carolina,61,2014-12-31
South Dakota,37,2014-12-31
Tennessee,75,2014-12-31
Texas,47,2014-12-31
Utah,58,2014-12-31
Vermont,81,2014-12-31
Virginia,34,2014-12-31
Washington,89,2014-12-31
West Virginia,33,2014-12-31
Wisconsin,48,2014-12-31
Wyoming,49,2014-12-31
Alabama,59,2015-01-31
Alaska,54,2015-01-31
Arizona,97,2015-01-31
Arkansas,57,2015-01-31
California,73,2015-01-31
Colorado,93,2015-01-31
Connecticut,68,2015-01-31
Delaware,60,2015-01-31
District of Columbia,50,2015-01-31
Florida,100,2015-01-31
Georgia,65,2015-01-31
Hawaii,53,2015-01-31
Idaho,61,2015-01-31
Illinois,59,2015-01-31
Indiana,54,2015-01-31
Iowa,49,2015-01-31
Kansas,50,2015-01-31
Kentucky,48,2015-01-31
Louisiana,34,2015-01-31
Maine,34,2015-01-31
Maryland,64,2015-01-31
Massachusetts,52,2015-01-31
Michigan,78,2015-01-31
Minnesota,61,2015-01-31
Mississippi,37,2015-01-31
Missouri,65,2015-01-31
Montana,46,2015-01-31
Nebraska,63,2015-01-31
Nevada,99,2015-01-31
New Hampshire,53,2015-01-31
New Jersey,63,2015-01-31
New Mexico,87,2015-01-31
New York,48,2015-01-31
North Carolina,65,2015-01-31
North Dakota,45,2015-01-31
Ohio,56,2015-01-31
Oklahoma,70,2015-01-31
Oregon,51,2015-01-31
Pennsylvania,61,2015-01-31
Rhode Island,54,2015-01-31
South Carolina,63,2015-01-31
South Dakota,37,2015-01-31
Tennessee,54,2015-01-31
Texas,45,2015-01-31
Utah,53,2015-01-31
Vermont,53,2015-01-31
Virginia,30,2015-01-31
Washington,91,2015-01-31
West Virginia,28,2015-01-31
Wisconsin,58,2015-01-31
Wyoming,34,2015-01-31
Alabama,45,2015-02-28
Alaska,43,2015-02-28
Arizona,100,2015-02-28
Arkansas,45,2015-02-28
California,65,2015-02-28
Colorado,87,2015-02-28
Connecticut,56,2015-02-28
Delaware,53,2015-02-28
District of Columbia,49,2015-02-28
Florida,80,2015-02-28
Georgia,51,2015-02-28
Hawaii,43,2015-02-28
Idaho,58,2015-02-28
Illinois,57,2015-02-28
Indiana,46,2015-02-28
Iowa,43,2015-02-28
Kansas,53,2015-02-28
Kentucky,49,2015-02-28
Louisiana,33,2015-02-28
Maine,35,2015-02-28
Maryland,56,2015-02-28
Massachusetts,58,2015-02-28
Michigan,69,2015-02-28
Minnesota,46,2015-02-28
Mississippi,37,2015-02-28
Missouri,67,2015-02-28
Montana,62,2015-02-28
Nebraska,62,2015-02-28
Nevada,81,2015-02-28
New Hampshire,50,2015-02-28
New Jersey,49,2015-02-28
New Mexico,47,2015-02-28
New York,48,2015-02-28
North Carolina,49,2015-02-28
North Dakota,46,2015-02-28
Ohio,55,2015-02-28
Oklahoma,48,2015-02-28
Oregon,51,2015-02-28
Pennsylvania,59,2015-02-28
Rhode Island,69,2015-02-28
South Carolina,58,2015-02-28
South Dakota,45,2015-02-28
Tennessee,50,2015-02-28
Texas,40,2015-02-28
Utah,46,2015-02-28
Vermont,64,2015-02-28
Virginia,26,2015-02-28
Washington,85,2015-02-28
West Virginia,38,2015-02-28
Wisconsin,55,2015-02-28
Wyoming,64,2015-02-28
Alabama,53,2015-03-31
Alaska,46,2015-03-31
Arizona,100,2015-03-31
Arkansas,50,2015-03-31
California,72,2015-03-31
Colorado,86,2015-03-31
Connecticut,80,2015-03-31
Delaware,55,2015-03-31
District of Columbia,52,2015-03-31
Florida,82,2015-03-31
Georgia,57,2015-03-31
Hawaii,50,2015-03-31
Idaho,83,2015-03-31
Illinois,61,2015-03-31
Indiana,55,2015-03-31
Iowa,39,2015-03-31
Kansas,53,2015-03-31
Kentucky,50,2015-03-31
Louisiana,35,2015-03-31
Maine,52,2015-03-31
Maryland,69,2015-03-31
Massachusetts,76,2015-03-31
Michigan,78,2015-03-31
Minnesota,63,2015-03-31
Mississippi,43,2015-03-31
Missouri,58,2015-03-31
Montana,54,2015-03-31
Nebraska,58,2015-03-31
Nevada,85,2015-03-31
New Hampshire,71,2015-03-31
New Jersey,60,2015-03-31
New Mexico,75,2015-03-31
New York,51,2015-03-31
North Carolina,62,2015-03-31
North Dakota,27,2015-03-31
Ohio,63,2015-03-31
Oklahoma,55,2015-03-31
Oregon,56,2015-03-31
Pennsylvania,71,2015-03-31
Rhode Island,79,2015-03-31
South Carolina,56,2015-03-31
South Dakota,43,2015-03-31
Tennessee,63,2015-03-31
Texas,45,2015-03-31
Utah,49,2015-03-31
Vermont,51,2015-03-31
Virginia,31,2015-03-31
Washington,96,2015-03-31
West Virginia,32,2015-03-31
Wisconsin,60,2015-03-31
Wyoming,73,2015-03-31
Alabama,58,2015-04-30
Alaska,63,2015-04-30
Arizona,97,2015-04-30
Arkansas,39,2015-04-30
California,73,2015-04-30
Colorado,82,2015-04-30
Connecticut,78,2015-04-30
Delaware,75,2015-04-30
District of Columbia,50,2015-04-30
Florida,87,2015-04-30
Georgia,62,2015-04-30
Hawaii,50,2015-04-30
Idaho,100,2015-04-30
Illinois,63,2015-04-30
Indiana,56,2015-04-30
Iowa,50,2015-04-30
Kansas,40,2015-04-30
Kentucky,61,2015-04-30
Louisiana,34,2015-04-30
Maine,68,2015-04-30
Maryland,68,2015-04-30
Massachusetts,72,2015-04-30
Michigan,83,2015-04-30
Minnesota,54,2015-04-30
Mississippi,48,2015-04-30
Missouri,69,2015-04-30
Montana,58,2015-04-30
Nebraska,54,2015-04-30
Nevada,93,2015-04-30
New Hampshire,53,2015-04-30
New Jersey,51,2015-04-30
New Mexico,61,2015-04-30
New York,54,2015-04-30
North Carolina,58,2015-04-30
North Dakota,41,2015-04-30
Ohio,62,2015-04-30
Oklahoma,59,2015-04-30
Oregon,72,2015-04-30
Pennsylvania,61,2015-04-30
Rhode Island,89,2015-04-30
South Carolina,57,2015-04-30
South Dakota,38,2015-04-30
Tennessee,60,2015-04-30
Texas,46,2015-04-30
Utah,39,2015-04-30
Vermont,54,2015-04-30
Virginia,33,2015-04-30
Washington,90,2015-04-30
West Virginia,42,2015-04-30
Wisconsin,54,2015-04-30
Wyoming,69,2015-04-30
Alabama,67,2015-05-31
Alaska,69,2015-05-31
Arizona,92,2015-05-31
Arkansas,72,2015-05-31
California,75,2015-05-31
Colorado,84,2015-05-31
Connecticut,77,2015-05-31
Delaware,69,2015-05-31
District of Columbia,55,2015-05-31
Florida,87,2015-05-31
Georgia,73,2015-05-31
Hawaii,46,2015-05-31
Idaho,98,2015-05-31
Illinois,62,2015-05-31
Indiana,59,2015-05-31
Iowa,58,2015-05-31
Kansas,51,2015-05-31
Kentucky,51,2015-05-31
Louisiana,44,2015-05-31
Maine,56,2015-05-31
Maryland,75,2015-05-31
Massachusetts,80,2015-05-31
Michigan,83,2015-05-31
Minnesota,51,2015-05-31
Mississippi,60,2015-05-31
Missouri,77,2015-05-31
Montana,78,2015-05-31
Nebraska,61,2015-05-31
Nevada,74,2015-05-31
New Hampshire,84,2015-05-31
New Jersey,59,2015-05-31
New Mexico,65,2015-05-31
New York,54,2015-05-31
North Carolina,62,2015-05-31
North Dakota,45,2015-05-31
Ohio,72,2015-05-31
Oklahoma,64,2015-05-31
Oregon,100,2015-05-31
Pennsylvania,68,2015-05-31
Rhode Island,78,2015-05-31
South Carolina,62,2015-05-31
South Dakota,53,2015-05-31
Tennessee,67,2015-05-31
Texas,50,2015-05-31
Utah,60,2015-05-31
Vermont,79,2015-05-31
Virginia,37,2015-05-31
Washington,98,2015-05-31
West Virginia,59,2015-05-31
Wisconsin,60,2015-05-31
Wyoming,82,2015-05-31
Alabama,65,2015-06-30
Alaska,35,2015-06-30
Arizona,94,2015-06-30
Arkansas,47,2015-06-30
California,74,2015-06-30
Colorado,86,2015-06-30
Connecticut,83,2015-06-30
Delaware,61,2015-06-30
District of Columbia,56,2015-06-30
Florida,82,2015-06-30
Georgia,55,2015-06-30
Hawaii,36,2015-06-30
Idaho,88,2015-06-30
Illinois,64,2015-06-30
Indiana,58,2015-06-30
Iowa,45,2015-06-30
Kansas,62,2015-06-30
Kentucky,56,2015-06-30
Louisiana,39,2015-06-30
Maine,70,2015-06-30
Maryland,67,2015-06-30
Massachusetts,68,2015-06-30
Michigan,85,2015-06-30
Minnesota,59,2015-06-30
Mississippi,56,2015-06-30
Missouri,76,2015-06-30
Montana,73,2015-06-30
Nebraska,70,2015-06-30
Nevada,85,2015-06-30
New Hampshire,85,2015-06-30
New Jersey,59,2015-06-30
New Mexico,65,2015-06-30
New York,51,2015-06-30
North Carolina,63,2015-06-30
North Dakota,45,2015-06-30
Ohio,70,2015-06-30
Oklahoma,69,2015-06-30
Oregon,100,2015-06-30
Pennsylvania,66,2015-06-30
Rhode Island,69,2015-06-30
South Carolina,50,2015-06-30
South Dakota,48,2015-06-30
Tennessee,64,2015-06-30
Texas,47,2015-06-30
Utah,59,2015-06-30
Vermont,55,2015-06-30
Virginia,70,2015-06-30
Washington,96,2015-06-30
West Virginia,38,2015-06-30
Wisconsin,64,2015-06-30
Wyoming,49,2015-06-30
Alabama,50,2015-07-31
Alaska,40,2015-07-31
Arizona,88,2015-07-31
Arkansas,48,2015-07-31
California,72,2015-07-31
Colorado,77,2015-07-31
Connecticut,75,2015-07-31
Delaware,40,2015-07-31
District of Columbia,50,2015-07-31
Florida,78,2015-07-31
Georgia,58,2015-07-31
Hawaii,36,2015-07-31
Idaho,77,2015-07-31
Illinois,63,2015-07-31
Indiana,57,2015-07-31
Iowa,57,2015-07-31
Kansas,60,2015-07-31
Kentucky,53,2015-07-31
Louisiana,32,2015-07-31
Maine,80,2015-07-31
Maryland,66,2015-07-31
Massachusetts,72,2015-07-31
Michigan,84,2015-07-31
Minnesota,61,2015-07-31
Mississippi,32,2015-07-31
Missouri,71,2015-07-31
Montana,79,2015-07-31
Nebraska,65,2015-07-31
Nevada,83,2015-07-31
New Hampshire,69,2015-07-31
New Jersey,59,2015-07-31
New Mexico,66,2015-07-31
New York,50,2015-07-31
North Carolina,58,2015-07-31
North Dakota,49,2015-07-31
Ohio,67,2015-07-31
Oklahoma,59,2015-07-31
Oregon,100,2015-07-31
Pennsylvania,67,2015-07-31
Rhode Island,84,2015-07-31
South Carolina,52,2015-07-31
South Dakota,40,2015-07-31
Tennessee,65,2015-07-31
Texas,44,2015-07-31
Utah,51,2015-07-31
Vermont,49,2015-07-31
Virginia,73,2015-07-31
Washington,88,2015-07-31
West Virginia,57,2015-07-31
Wisconsin,70,2015-07-31
Wyoming,61,2015-07-31
Alabama,55,2015-08-31
Alaska,41,2015-08-31
Arizona,91,2015-08-31
Arkansas,44,2015-08-31
California,72,2015-08-31
Colorado,83,2015-08-31
Connecticut,57,2015-08-31
Delaware,44,2015-08-31
District of Columbia,54,2015-08-31
Florida,80,2015-08-31
Georgia,62,2015-08-31
Hawaii,34,2015-08-31
Idaho,71,2015-08-31
Illinois,65,2015-08-31
Indiana,59,2015-08-31
Iowa,43,2015-08-31
Kansas,54,2015-08-31
Kentucky,50,2015-08-31
Louisiana,38,2015-08-31
Maine,63,2015-08-31
Maryland,77,2015-08-31
Massachusetts,62,2015-08-31
Michigan,87,2015-08-31
Minnesota,64,2015-08-31
Mississippi,32,2015-08-31
Missouri,73,2015-08-31
Montana,65,2015-08-31
Nebraska,87,2015-08-31
Nevada,86,2015-08-31
New Hampshire,53,2015-08-31
New Jersey,61,2015-08-31
New Mexico,58,2015-08-31
New York,50,2015-08-31
North Carolina,53,2015-08-31
North Dakota,55,2015-08-31
Ohio,61,2015-08-31
Oklahoma,58,2015-08-31
Oregon,100,2015-08-31
Pennsylvania,62,2015-08-31
Rhode Island,78,2015-08-31
South Carolina,51,2015-08-31
South Dakota,47,2015-08-31
Tennessee,58,2015-08-31
Texas,43,2015-08-31
Utah,37,2015-08-31
Vermont,56,2015-08-31
Virginia,66,2015-08-31
Washington,77,2015-08-31
West Virginia,53,2015-08-31
Wisconsin,50,2015-08-31
Wyoming,42,2015-08-31
Alabama,49,2015-09-30
Alaska,55,2015-09-30
Arizona,100,2015-09-30
Arkansas,38,2015-09-30
California,66,2015-09-30
Colorado,72,2015-09-30
Connecticut,65,2015-09-30
Delaware,57,2015-09-30
District of Columbia,49,2015-09-30
Florida,77,2015-09-30
Georgia,55,2015-09-30
Hawaii,42,2015-09-30
Idaho,82,2015-09-30
Illinois,51,2015-09-30
Indiana,59,2015-09-30
Iowa,44,2015-09-30
Kansas,38,2015-09-30
Kentucky,49,2015-09-30
Louisiana,39,2015-09-30
Maine,44,2015-09-30
Maryland,64,2015-09-30
Massachusetts,59,2015-09-30
Michigan,71,2015-09-30
Minnesota,50,2015-09-30
Mississippi,28,2015-09-30
Missouri,63,2015-09-30
Montana,47,2015-09-30
Nebraska,66,2015-09-30
Nevada,83,2015-09-30
New Hampshire,62,2015-09-30
New Jersey,48,2015-09-30
New Mexico,56,2015-09-30
New York,50,2015-09-30
North Carolina,52,2015-09-30
North Dakota,30,2015-09-30
Ohio,54,2015-09-30
Oklahoma,55,2015-09-30
Oregon,95,2015-09-30
Pennsylvania,56,2015-09-30
Rhode Island,73,2015-09-30
South Carolina,53,2015-09-30
South Dakota,33,2015-09-30
Tennessee,57,2015-09-30
Texas,41,2015-09-30
Utah,46,2015-09-30
Vermont,54,2015-09-30
Virginia,58,2015-09-30
Washington,82,2015-09-30
West Virginia,46,2015-09-30
Wisconsin,45,2015-09-30
Wyoming,64,2015-09-30
Alabama,49,2015-10-31
Alaska,40,2015-10-31
Arizona,97,2015-10-31
Arkansas,48,2015-10-31
California,70,2015-10-31
Colorado,73,2015-10-31
Connecticut,63,2015-10-31
Delaware,82,2015-10-31
District of Columbia,58,2015-10-31
Florida,78,2015-10-31
Georgia,65,2015-10-31
Hawaii,41,2015-10-31
Idaho,72,2015-10-31
Illinois,58,2015-10-31
Indiana,57,2015-10-31
Iowa,49,2015-10-31
Kansas,37,2015-10-31
Kentucky,49,2015-10-31
Louisiana,39,2015-10-31
Maine,66,2015-10-31
Maryland,76,2015-10-31
Massachusetts,65,2015-10-31
Michigan,80,2015-10-31
Minnesota,44,2015-10-31
Mississippi,43,2015-10-31
Missouri,64,2015-10-31
Montana,61,2015-10-31
Nebraska,56,2015-10-31
Nevada,76,2015-10-31
New Hampshire,57,2015-10-31
New Jersey,58,2015-10-31
New Mexico,46,2015-10-31
New York,53,2015-10-31
North Carolina,57,2015-10-31
North Dakota,30,2015-10-31
Ohio,62,2015-10-31
Oklahoma,63,2015-10-31
Oregon,100,2015-10-31
Pennsylvania,58,2015-10-31
Rhode Island,91,2015-10-31
South Carolina,58,2015-10-31
South Dakota,54,2015-10-31
Tennessee,59,2015-10-31
Texas,43,2015-10-31
Utah,58,2015-10-31
Vermont,44,2015-10-31
Virginia,68,2015-10-31
Washington,87,2015-10-31
West Virginia,50,2015-10-31
Wisconsin,59,2015-10-31
Wyoming,71,2015-10-31
Alabama,64,2015-11-30
Alaska,44,2015-11-30
Arizona,99,2015-11-30
Arkansas,58,2015-11-30
California,86,2015-11-30
Colorado,88,2015-11-30
Connecticut,64,2015-11-30
Delaware,70,2015-11-30
District of Columbia,69,2015-11-30
Florida,89,2015-11-30
Georgia,70,2015-11-30
Hawaii,41,2015-11-30
Idaho,70,2015-11-30
Illinois,64,2015-11-30
Indiana,61,2015-11-30
Iowa,48,2015-11-30
Kansas,22,2015-11-30
Kentucky,58,2015-11-30
Louisiana,55,2015-11-30
Maine,58,2015-11-30
Maryland,73,2015-11-30
Massachusetts,73,2015-11-30
Michigan,74,2015-11-30
Minnesota,50,2015-11-30
Mississippi,36,2015-11-30
Missouri,72,2015-11-30
Montana,96,2015-11-30
Nebraska,60,2015-11-30
Nevada,92,2015-11-30
New Hampshire,44,2015-11-30
New Jersey,57,2015-11-30
New Mexico,65,2015-11-30
New York,52,2015-11-30
North Carolina,57,2015-11-30
North Dakota,43,2015-11-30
Ohio,69,2015-11-30
Oklahoma,70,2015-11-30
Oregon,100,2015-11-30
Pennsylvania,65,2015-11-30
Rhode Island,93,2015-11-30
South Carolina,62,2015-11-30
South Dakota,52,2015-11-30
Tennessee,63,2015-11-30
Texas,47,2015-11-30
Utah,48,2015-11-30
Vermont,55,2015-11-30
Virginia,69,2015-11-30
Washington,99,2015-11-30
West Virginia,46,2015-11-30
Wisconsin,58,2015-11-30
Wyoming,78,2015-11-30
Alabama,62,2015-12-31
Alaska,61,2015-12-31
Arizona,98,2015-12-31
Arkansas,64,2015-12-31
California,78,2015-12-31
Colorado,86,2015-12-31
Connecticut,79,2015-12-31
Delaware,53,2015-12-31
District of Columbia,51,2015-12-31
Florida,97,2015-12-31
Georgia,78,2015-12-31
Hawaii,52,2015-12-31
Idaho,90,2015-12-31
Illinois,64,2015-12-31
Indiana,74,2015-12-31
Iowa,53,2015-12-31
Kansas,55,2015-12-31
Kentucky,65,2015-12-31
Louisiana,37,2015-12-31
Maine,58,2015-12-31
Maryland,72,2015-12-31
Massachusetts,70,2015-12-31
Michigan,94,2015-12-31
Minnesota,55,2015-12-31
Mississippi,57,2015-12-31
Missouri,79,2015-12-31
Montana,46,2015-12-31
Nebraska,85,2015-12-31
Nevada,93,2015-12-31
New Hampshire,88,2015-12-31
New Jersey,60,2015-12-31
New Mexico,64,2015-12-31
New York,55,2015-12-31
North Carolina,64,2015-12-31
North Dakota,56,2015-12-31
Ohio,66,2015-12-31
Oklahoma,70,2015-12-31
Oregon,100,2015-12-31
Pennsylvania,63,2015-12-31
Rhode Island,79,2015-12-31
South Carolina,71,2015-12-31
South Dakota,46,2015-12-31
Tennessee,84,2015-12-31
Texas,51,2015-12-31
Utah,52,2015-12-31
Vermont,59,2015-12-31
Virginia,76,2015-12-31
Washington,96,2015-12-31
West Virginia,34,2015-12-31
Wisconsin,60,2015-12-31
Wyoming,41,2015-12-31
Alabama,72,2016-01-31
Alaska,55,2016-01-31
Arizona,88,2016-01-31
Arkansas,64,2016-01-31
California,70,2016-01-31
Colorado,86,2016-01-31
Connecticut,58,2016-01-31
Delaware,54,2016-01-31
District of Columbia,48,2016-01-31
Florida,82,2016-01-31
Georgia,69,2016-01-31
Hawaii,53,2016-01-31
Idaho,100,2016-01-31
Illinois,61,2016-01-31
Indiana,54,2016-01-31
Iowa,59,2016-01-31
Kansas,57,2016-01-31
Kentucky,59,2016-01-31
Louisiana,42,2016-01-31
Maine,34,2016-01-31
Maryland,59,2016-01-31
Massachusetts,66,2016-01-31
Michigan,88,2016-01-31
Minnesota,44,2016-01-31
Mississippi,50,2016-01-31
Missouri,71,2016-01-31
Montana,70,2016-01-31
Nebraska,57,2016-01-31
Nevada,82,2016-01-31
New Hampshire,55,2016-01-31
New Jersey,49,2016-01-31
New Mexico,54,2016-01-31
New York,54,2016-01-31
North Carolina,60,2016-01-31
North Dakota,42,2016-01-31
Ohio,63,2016-01-31
Oklahoma,53,2016-01-31
Oregon,86,2016-01-31
Pennsylvania,57,2016-01-31
Rhode Island,65,2016-01-31
South Carolina,62,2016-01-31
South Dakota,42,2016-01-31
Tennessee,61,2016-01-31
Texas,44,2016-01-31
Utah,46,2016-01-31
Vermont,71,2016-01-31
Virginia,63,2016-01-31
Washington,90,2016-01-31
West Virginia,34,2016-01-31
Wisconsin,46,2016-01-31
Wyoming,56,2016-01-31
Alabama,61,2016-02-29
Alaska,74,2016-02-29
Arizona,100,2016-02-29
Arkansas,69,2016-02-29
California,64,2016-02-29
Colorado,83,2016-02-29
Connecticut,63,2016-02-29
Delaware,67,2016-02-29
District of Columbia,54,2016-02-29
Florida,83,2016-02-29
Georgia,64,2016-02-29
Hawaii,43,2016-02-29
Idaho,85,2016-02-29
Illinois,66,2016-02-29
Indiana,60,2016-02-29
Iowa,53,2016-02-29
Kansas,52,2016-02-29
Kentucky,61,2016-02-29
Louisiana,38,2016-02-29
Maine,65,2016-02-29
Maryland,71,2016-02-29
Massachusetts,78,2016-02-29
Michigan,84,2016-02-29
Minnesota,62,2016-02-29
Mississippi,48,2016-02-29
Missouri,73,2016-02-29
Montana,78,2016-02-29
Nebraska,81,2016-02-29
Nevada,87,2016-02-29
New Hampshire,85,2016-02-29
New Jersey,58,2016-02-29
New Mexico,65,2016-02-29
New York,53,2016-02-29
North Carolina,61,2016-02-29
North Dakota,41,2016-02-29
Ohio,63,2016-02-29
Oklahoma,53,2016-02-29
Oregon,95,2016-02-29
Pennsylvania,59,2016-02-29
Rhode Island,86,2016-02-29
South Carolina,58,2016-02-29
South Dakota,51,2016-02-29
Tennessee,64,2016-02-29
Texas,44,2016-02-29
Utah,59,2016-02-29
Vermont,73,2016-02-29
Virginia,73,2016-02-29
Washington,94,2016-02-29
West Virginia,45,2016-02-29
Wisconsin,55,2016-02-29
Wyoming,65,2016-02-29
Alabama,56,2016-03-31
Alaska,42,2016-03-31
Arizona,85,2016-03-31
Arkansas,52,2016-03-31
California,65,2016-03-31
Colorado,79,2016-03-31
Connecticut,65,2016-03-31
Delaware,74,2016-03-31
District of Columbia,51,2016-03-31
Florida,76,2016-03-31
Georgia,67,2016-03-31
Hawaii,40,2016-03-31
Idaho,92,2016-03-31
Illinois,63,2016-03-31
Indiana,59,2016-03-31
Iowa,50,2016-03-31
Kansas,41,2016-03-31
Kentucky,54,2016-03-31
Louisiana,31,2016-03-31
Maine,61,2016-03-31
Maryland,62,2016-03-31
Massachusetts,63,2016-03-31
Michigan,78,2016-03-31
Minnesota,63,2016-03-31
Mississippi,35,2016-03-31
Missouri,77,2016-03-31
Montana,50,2016-03-31
Nebraska,79,2016-03-31
Nevada,81,2016-03-31
New Hampshire,71,2016-03-31
New Jersey,52,2016-03-31
New Mexico,66,2016-03-31
New York,47,2016-03-31
North Carolina,59,2016-03-31
North Dakota,49,2016-03-31
Ohio,63,2016-03-31
Oklahoma,52,2016-03-31
Oregon,100,2016-03-31
Pennsylvania,58,2016-03-31
Rhode Island,84,2016-03-31
South Carolina,52,2016-03-31
South Dakota,62,2016-03-31
Tennessee,68,2016-03-31
Texas,41,2016-03-31
Utah,52,2016-03-31
Vermont,56,2016-03-31
Virginia,62,2016-03-31
Washington,85,2016-03-31
West Virginia,52,2016-03-31
Wisconsin,52,2016-03-31
Wyoming,68,2016-03-31
Alabama,46,2016-04-30
Alaska,52,2016-04-30
Arizona,84,2016-04-30
Arkansas,63,2016-04-30
California,65,2016-04-30
Colorado,86,2016-04-30
Connecticut,69,2016-04-30
Delaware,60,2016-04-30
District of Columbia,52,2016-04-30
Florida,79,2016-04-30
Georgia,64,2016-04-30
Hawaii,35,2016-04-30
Idaho,84,2016-04-30
Illinois,63,2016-04-30
Indiana,62,2016-04-30
Iowa,56,2016-04-30
Kansas,55,2016-04-30
Kentucky,66,2016-04-30
Louisiana,37,2016-04-30
Maine,66,2016-04-30
Maryland,64,2016-04-30
Massachusetts,69,2016-04-30
Michigan,91,2016-04-30
Minnesota,60,2016-04-30
Mississippi,47,2016-04-30
Missouri,77,2016-04-30
Montana,78,2016-04-30
Nebraska,70,2016-04-30
Nevada,87,2016-04-30
New Hampshire,73,2016-04-30
New Jersey,54,2016-04-30
New Mexico,65,2016-04-30
New York,53,2016-04-30
North Carolina,63,2016-04-30
North Dakota,58,2016-04-30
Ohio,63,2016-04-30
Oklahoma,64,2016-04-30
Oregon,93,2016-04-30
Pennsylvania,60,2016-04-30
Rhode Island,76,2016-04-30
South Carolina,65,2016-04-30
South Dakota,75,2016-04-30
Tennessee,63,2016-04-30
Texas,41,2016-04-30
Utah,54,2016-04-30
Vermont,45,2016-04-30
Virginia,71,2016-04-30
Washington,91,2016-04-30
West Virginia,43,2016-04-30
Wisconsin,61,2016-04-30
Wyoming,100,2016-04-30
Alabama,63,2016-05-31
Alaska,59,2016-05-31
Arizona,91,2016-05-31
Arkansas,52,2016-05-31
California,66,2016-05-31
Colorado,83,2016-05-31
Connecticut,55,2016-05-31
Delaware,87,2016-05-31
District of Columbia,54,2016-05-31
Florida,81,2016-05-31
Georgia,70,2016-05-31
Hawaii,36,2016-05-31
Idaho,94,2016-05-31
Illinois,63,2016-05-31
Indiana,63,2016-05-31
Iowa,55,2016-05-31
Kansas,56,2016-05-31
Kentucky,67,2016-05-31
Louisiana,47,2016-05-31
Maine,61,2016-05-31
Maryland,64,2016-05-31
Massachusetts,66,2016-05-31
Michigan,82,2016-05-31
Minnesota,63,2016-05-31
Mississippi,49,2016-05-31
Missouri,77,2016-05-31
Montana,83,2016-05-31
Nebraska,83,2016-05-31
Nevada,91,2016-05-31
New Hampshire,68,2016-05-31
New Jersey,56,2016-05-31
New Mexico,62,2016-05-31
New York,50,2016-05-31
North Carolina,62,2016-05-31
North Dakota,34,2016-05-31
Ohio,62,2016-05-31
Oklahoma,71,2016-05-31
Oregon,100,2016-05-31
Pennsylvania,59,2016-05-31
Rhode Island,88,2016-05-31
South Carolina,68,2016-05-31
South Dakota,57,2016-05-31
Tennessee,68,2016-05-31
Texas,45,2016-05-31
Utah,52,2016-05-31
Vermont,76,2016-05-31
Virginia,68,2016-05-31
Washington,96,2016-05-31
West Virginia,38,2016-05-31
Wisconsin,53,2016-05-31
Wyoming,59,2016-05-31
Alabama,66,2016-06-30
Alaska,48,2016-06-30
Arizona,96,2016-06-30
Arkansas,60,2016-06-30
California,72,2016-06-30
Colorado,94,2016-06-30
Connecticut,69,2016-06-30
Delaware,53,2016-06-30
District of Columbia,47,2016-06-30
Florida,74,2016-06-30
Georgia,68,2016-06-30
Hawaii,43,2016-06-30
Idaho,83,2016-06-30
Illinois,63,2016-06-30
Indiana,60,2016-06-30
Iowa,70,2016-06-30
Kansas,62,2016-06-30
Kentucky,65,2016-06-30
Louisiana,38,2016-06-30
Maine,75,2016-06-30
Maryland,62,2016-06-30
Massachusetts,78,2016-06-30
Michigan,91,2016-06-30
Minnesota,61,2016-06-30
Mississippi,53,2016-06-30
Missouri,76,2016-06-30
Montana,78,2016-06-30
Nebraska,100,2016-06-30
Nevada,89,2016-06-30
New Hampshire,80,2016-06-30
New Jersey,56,2016-06-30
New Mexico,67,2016-06-30
New York,51,2016-06-30
North Carolina,64,2016-06-30
North Dakota,53,2016-06-30
Ohio,64,2016-06-30
Oklahoma,67,2016-06-30
Oregon,98,2016-06-30
Pennsylvania,61,2016-06-30
Rhode Island,98,2016-06-30
South Carolina,60,2016-06-30
South Dakota,74,2016-06-30
Tennessee,70,2016-06-30
Texas,44,2016-06-30
Utah,47,2016-06-30
Vermont,72,2016-06-30
Virginia,72,2016-06-30
Washington,95,2016-06-30
West Virginia,50,2016-06-30
Wisconsin,57,2016-06-30
Wyoming,60,2016-06-30
Alabama,54,2016-07-31
Alaska,67,2016-07-31
Arizona,89,2016-07-31
Arkansas,56,2016-07-31
California,74,2016-07-31
Colorado,82,2016-07-31
Connecticut,71,2016-07-31
Delaware,79,2016-07-31
District of Columbia,51,2016-07-31
Florida,77,2016-07-31
Georgia,68,2016-07-31
Hawaii,47,2016-07-31
Idaho,94,2016-07-31
Illinois,64,2016-07-31
Indiana,62,2016-07-31
Iowa,48,2016-07-31
Kansas,59,2016-07-31
Kentucky,60,2016-07-31
Louisiana,35,2016-07-31
Maine,66,2016-07-31
Maryland,68,2016-07-31
Massachusetts,73,2016-07-31
Michigan,96,2016-07-31
Minnesota,65,2016-07-31
Mississippi,43,2016-07-31
Missouri,73,2016-07-31
Montana,77,2016-07-31
Nebraska,76,2016-07-31
Nevada,82,2016-07-31
New Hampshire,85,2016-07-31
New Jersey,52,2016-07-31
New Mexico,63,2016-07-31
New York,51,2016-07-31
North Carolina,63,2016-07-31
North Dakota,48,2016-07-31
Ohio,68,2016-07-31
Oklahoma,60,2016-07-31
Oregon,100,2016-07-31
Pennsylvania,59,2016-07-31
Rhode Island,91,2016-07-31
South Carolina,61,2016-07-31
South Dakota,51,2016-07-31
Tennessee,59,2016-07-31
Texas,45,2016-07-31
Utah,55,2016-07-31
Vermont,74,2016-07-31
Virginia,65,2016-07-31
Washington,93,2016-07-31
West Virginia,43,2016-07-31
Wisconsin,58,2016-07-31
Wyoming,72,2016-07-31
Alabama,57,2016-08-31
Alaska,53,2016-08-31
Arizona,95,2016-08-31
Arkansas,59,2016-08-31
California,77,2016-08-31
Colorado,93,2016-08-31
Connecticut,61,2016-08-31
Delaware,79,2016-08-31
District of Columbia,55,2016-08-31
Florida,80,2016-08-31
Georgia,70,2016-08-31
Hawaii,53,2016-08-31
Idaho,97,2016-08-31
Illinois,65,2016-08-31
Indiana,64,2016-08-31
Iowa,54,2016-08-31
Kansas,56,2016-08-31
Kentucky,69,2016-08-31
Louisiana,40,2016-08-31
Maine,68,2016-08-31
Maryland,68,2016-08-31
Massachusetts,63,2016-08-31
Michigan,89,2016-08-31
Minnesota,61,2016-08-31
Mississippi,40,2016-08-31
Missouri,78,2016-08-31
Montana,77,2016-08-31
Nebraska,72,2016-08-31
Nevada,88,2016-08-31
New Hampshire,62,2016-08-31
New Jersey,51,2016-08-31
New Mexico,60,2016-08-31
New York,53,2016-08-31
North Carolina,61,2016-08-31
North Dakota,39,2016-08-31
Ohio,66,2016-08-31
Oklahoma,47,2016-08-31
Oregon,68,2016-08-31
Pennsylvania,61,2016-08-31
Rhode Island,90,2016-08-31
South Carolina,64,2016-08-31
South Dakota,46,2016-08-31
Tennessee,60,2016-08-31
Texas,44,2016-08-31
Utah,49,2016-08-31
Vermont,61,2016-08-31
Virginia,68,2016-08-31
Washington,100,2016-08-31
West Virginia,49,2016-08-31
Wisconsin,62,2016-08-31
Wyoming,70,2016-08-31
Alabama,64,2016-09-30
Alaska,81,2016-09-30
Arizona,100,2016-09-30
Arkansas,51,2016-09-30
California,74,2016-09-30
Colorado,90,2016-09-30
Connecticut,69,2016-09-30
Delaware,87,2016-09-30
District of Columbia,57,2016-09-30
Florida,78,2016-09-30
Georgia,71,2016-09-30
Hawaii,60,2016-09-30
Idaho,93,2016-09-30
Illinois,61,2016-09-30
Indiana,69,2016-09-30
Iowa,68,2016-09-30
Kansas,63,2016-09-30
Kentucky,59,2016-09-30
Louisiana,52,2016-09-30
Maine,61,2016-09-30
Maryland,71,2016-09-30
Massachusetts,67,2016-09-30
Michigan,97,2016-09-30
Minnesota,69,2016-09-30
Mississippi,53,2016-09-30
Missouri,77,2016-09-30
Montana,77,2016-09-30
Nebraska,74,2016-09-30
Nevada,94,2016-09-30
New Hampshire,75,2016-09-30
New Jersey,62,2016-09-30
New Mexico,68,2016-09-30
New York,54,2016-09-30
North Carolina,59,2016-09-30
North Dakota,48,2016-09-30
Ohio,67,2016-09-30
Oklahoma,54,2016-09-30
Oregon,98,2016-09-30
Pennsylvania,67,2016-09-30
Rhode Island,97,2016-09-30
South Carolina,69,2016-09-30
South Dakota,49,2016-09-30
Tennessee,72,2016-09-30
Texas,46,2016-09-30
Utah,55,2016-09-30
Vermont,69,2016-09-30
Virginia,62,2016-09-30
Washington,100,2016-09-30
West Virginia,45,2016-09-30
Wisconsin,58,2016-09-30
Wyoming,78,2016-09-30
Alabama,60,2016-10-31
Alaska,71,2016-10-31
Arizona,100,2016-10-31
Arkansas,60,2016-10-31
California,68,2016-10-31
Colorado,85,2016-10-31
Connecticut,60,2016-10-31
Delaware,62,2016-10-31
District of Columbia,55,2016-10-31
Florida,85,2016-10-31
Georgia,66,2016-10-31
Hawaii,67,2016-10-31
Idaho,89,2016-10-31
Illinois,58,2016-10-31
Indiana,62,2016-10-31
Iowa,49,2016-10-31
Kansas,61,2016-10-31
Kentucky,57,2016-10-31
Louisiana,37,2016-10-31
Maine,44,2016-10-31
Maryland,64,2016-10-31
Massachusetts,66,2016-10-31
Michigan,85,2016-10-31
Minnesota,49,2016-10-31
Mississippi,46,2016-10-31
Missouri,70,2016-10-31
Montana,52,2016-10-31
Nebraska,65,2016-10-31
Nevada,81,2016-10-31
New Hampshire,74,2016-10-31
New Jersey,48,2016-10-31
New Mexico,58,2016-10-31
New York,52,2016-10-31
North Carolina,63,2016-10-31
North Dakota,44,2016-10-31
Ohio,59,2016-10-31
Oklahoma,67,2016-10-31
Oregon,97,2016-10-31
Pennsylvania,56,2016-10-31
Rhode Island,93,2016-10-31
South Carolina,65,2016-10-31
South Dakota,52,2016-10-31
Tennessee,62,2016-10-31
Texas,40,2016-10-31
Utah,41,2016-10-31
Vermont,75,2016-10-31
Virginia,71,2016-10-31
Washington,91,2016-10-31
West Virginia,46,2016-10-31
Wisconsin,50,2016-10-31
Wyoming,69,2016-10-31
Alabama,49,2016-11-30
Alaska,56,2016-11-30
Arizona,92,2016-11-30
Arkansas,68,2016-11-30
California,72,2016-11-30
Colorado,75,2016-11-30
Connecticut,62,2016-11-30
Delaware,61,2016-11-30
District of Columbia,57,2016-11-30
Florida,85,2016-11-30
Georgia,67,2016-11-30
Hawaii,47,2016-11-30
Idaho,81,2016-11-30
Illinois,64,2016-11-30
Indiana,59,2016-11-30
Iowa,48,2016-11-30
Kansas,55,2016-11-30
Kentucky,59,2016-11-30
Louisiana,38,2016-11-30
Maine,45,2016-11-30
Maryland,69,2016-11-30
Massachusetts,59,2016-11-30
Michigan,78,2016-11-30
Minnesota,52,2016-11-30
Mississippi,51,2016-11-30
Missouri,82,2016-11-30
Montana,61,2016-11-30
Nebraska,78,2016-11-30
Nevada,100,2016-11-30
New Hampshire,71,2016-11-30
New Jersey,51,2016-11-30
New Mexico,69,2016-11-30
New York,51,2016-11-30
North Carolina,67,2016-11-30
North Dakota,36,2016-11-30
Ohio,64,2016-11-30
Oklahoma,56,2016-11-30
Oregon,89,2016-11-30
Pennsylvania,56,2016-11-30
Rhode Island,78,2016-11-30
South Carolina,63,2016-11-30
South Dakota,42,2016-11-30
Tennessee,70,2016-11-30
Texas,41,2016-11-30
Utah,44,2016-11-30
Vermont,39,2016-11-30
Virginia,67,2016-11-30
Washington,81,2016-11-30
West Virginia,57,2016-11-30
Wisconsin,56,2016-11-30
Wyoming,76,2016-11-30
Alabama,62,2016-12-31
Alaska,50,2016-12-31
Arizona,100,2016-12-31
Arkansas,68,2016-12-31
California,70,2016-12-31
Colorado,81,2016-12-31
Connecticut,71,2016-12-31
Delaware,79,2016-12-31
District of Columbia,60,2016-12-31
Florida,89,2016-12-31
Georgia,73,2016-12-31
Hawaii,49,2016-12-31
Idaho,84,2016-12-31
Illinois,64,2016-12-31
Indiana,66,2016-12-31
Iowa,56,2016-12-31
Kansas,55,2016-12-31
Kentucky,64,2016-12-31
Louisiana,44,2016-12-31
Maine,64,2016-12-31
Maryland,72,2016-12-31
Massachusetts,72,2016-12-31
Michigan,83,2016-12-31
Minnesota,60,2016-12-31
Mississippi,53,2016-12-31
Missouri,78,2016-12-31
Montana,53,2016-12-31
Nebraska,74,2016-12-31
Nevada,92,2016-12-31
New Hampshire,75,2016-12-31
New Jersey,50,2016-12-31
New Mexico,74,2016-12-31
New York,51,2016-12-31
North Carolina,64,2016-12-31
North Dakota,38,2016-12-31
Ohio,69,2016-12-31
Oklahoma,54,2016-12-31
Oregon,84,2016-12-31
Pennsylvania,59,2016-12-31
Rhode Island,92,2016-12-31
South Carolina,72,2016-12-31
South Dakota,50,2016-12-31
Tennessee,72,2016-12-31
Texas,47,2016-12-31
Utah,43,2016-12-31
Vermont,50,2016-12-31
Virginia,66,2016-12-31
Washington,83,2016-12-31
West Virginia,51,2016-12-31
Wisconsin,48,2016-12-31
Wyoming,84,2016-12-31
Alabama,66,2017-01-31
Alaska,46,2017-01-31
Arizona,100,2017-01-31
Arkansas,70,2017-01-31
California,70,2017-01-31
Colorado,90,2017-01-31
Connecticut,66,2017-01-31
Delaware,64,2017-01-31
District of Columbia,55,2017-01-31
Florida,82,2017-01-31
Georgia,68,2017-01-31
Hawaii,41,2017-01-31
Idaho,97,2017-01-31
Illinois,65,2017-01-31
Indiana,64,2017-01-31
Iowa,45,2017-01-31
Kansas,67,2017-01-31
Kentucky,58,2017-01-31
Louisiana,44,2017-01-31
Maine,59,2017-01-31
Maryland,67,2017-01-31
Massachusetts,58,2017-01-31
Michigan,93,2017-01-31
Minnesota,58,2017-01-31
Mississippi,50,2017-01-31
Missouri,70,2017-01-31
Montana,76,2017-01-31
Nebraska,81,2017-01-31
Nevada,84,2017-01-31
New Hampshire,68,2017-01-31
New Jersey,57,2017-01-31
New Mexico,59,2017-01-31
New York,49,2017-01-31
North Carolina,62,2017-01-31
North Dakota,71,2017-01-31
Ohio,66,2017-01-31
Oklahoma,69,2017-01-31
Oregon,89,2017-01-31
Pennsylvania,60,2017-01-31
Rhode Island,79,2017-01-31
South Carolina,63,2017-01-31
South Dakota,39,2017-01-31
Tennessee,65,2017-01-31
Texas,45,2017-01-31
Utah,46,2017-01-31
Vermont,49,2017-01-31
Virginia,66,2017-01-31
Washington,86,2017-01-31
West Virginia,48,2017-01-31
Wisconsin,64,2017-01-31
Wyoming,77,2017-01-31
Alabama,62,2017-02-28
Alaska,66,2017-02-28
Arizona,91,2017-02-28
Arkansas,66,2017-02-28
California,69,2017-02-28
Colorado,84,2017-02-28
Connecticut,61,2017-02-28
Delaware,60,2017-02-28
District of Columbia,61,2017-02-28
Florida,81,2017-02-28
Georgia,70,2017-02-28
Hawaii,44,2017-02-28
Idaho,99,2017-02-28
Illinois,72,2017-02-28
Indiana,70,2017-02-28
Iowa,54,2017-02-28
Kansas,58,2017-02-28
Kentucky,59,2017-02-28
Louisiana,43,2017-02-28
Maine,60,2017-02-28
Maryland,66,2017-02-28
Massachusetts,68,2017-02-28
Michigan,95,2017-02-28
Minnesota,63,2017-02-28
Mississippi,56,2017-02-28
Missouri,75,2017-02-28
Montana,80,2017-02-28
Nebraska,82,2017-02-28
Nevada,86,2017-02-28
New Hampshire,71,2017-02-28
New Jersey,55,2017-02-28
New Mexico,61,2017-02-28
New York,50,2017-02-28
North Carolina,64,2017-02-28
North Dakota,59,2017-02-28
Ohio,72,2017-02-28
Oklahoma,59,2017-02-28
Oregon,100,2017-02-28
Pennsylvania,59,2017-02-28
Rhode Island,65,2017-02-28
South Carolina,76,2017-02-28
South Dakota,54,2017-02-28
Tennessee,60,2017-02-28
Texas,44,2017-02-28
Utah,49,2017-02-28
Vermont,64,2017-02-28
Virginia,70,2017-02-28
Washington,95,2017-02-28
West Virginia,46,2017-02-28
Wisconsin,58,2017-02-28
Wyoming,66,2017-02-28
Alabama,66,2017-03-31
Alaska,69,2017-03-31
Arizona,94,2017-03-31
Arkansas,62,2017-03-31
California,70,2017-03-31
Colorado,89,2017-03-31
Connecticut,63,2017-03-31
Delaware,74,2017-03-31
District of Columbia,56,2017-03-31
Florida,78,2017-03-31
Georgia,68,2017-03-31
Hawaii,46,2017-03-31
Idaho,100,2017-03-31
Illinois,65,2017-03-31
Indiana,63,2017-03-31
Iowa,66,2017-03-31
Kansas,60,2017-03-31
Kentucky,70,2017-03-31
Louisiana,37,2017-03-31
Maine,67,2017-03-31
Maryland,59,2017-03-31
Massachusetts,66,2017-03-31
Michigan,91,2017-03-31
Minnesota,70,2017-03-31
Mississippi,47,2017-03-31
Missouri,71,2017-03-31
Montana,69,2017-03-31
Nebraska,81,2017-03-31
Nevada,80,2017-03-31
New Hampshire,81,2017-03-31
New Jersey,51,2017-03-31
New Mexico,74,2017-03-31
New York,51,2017-03-31
North Carolina,61,2017-03-31
North Dakota,54,2017-03-31
Ohio,62,2017-03-31
Oklahoma,60,2017-03-31
Oregon,87,2017-03-31
Pennsylvania,61,2017-03-31
Rhode Island,87,2017-03-31
South Carolina,73,2017-03-31
South Dakota,55,2017-03-31
Tennessee,63,2017-03-31
Texas,45,2017-03-31
Utah,52,2017-03-31
Vermont,79,2017-03-31
Virginia,63,2017-03-31
Washington,92,2017-03-31
West Virginia,52,2017-03-31
Wisconsin,73,2017-03-31
Wyoming,81,2017-03-31
Alabama,56,2017-04-30
Alaska,45,2017-04-30
Arizona,79,2017-04-30
Arkansas,63,2017-04-30
California,62,2017-04-30
Colorado,73,2017-04-30
Connecticut,57,2017-04-30
Delaware,66,2017-04-30
District of Columbia,50,2017-04-30
Florida,72,2017-04-30
Georgia,67,2017-04-30
Hawaii,41,2017-04-30
Idaho,100,2017-04-30
Illinois,56,2017-04-30
Indiana,59,2017-04-30
Iowa,42,2017-04-30
Kansas,50,2017-04-30
Kentucky,66,2017-04-30
Louisiana,39,2017-04-30
Maine,62,2017-04-30
Maryland,67,2017-04-30
Massachusetts,62,2017-04-30
Michigan,83,2017-04-30
Minnesota,57,2017-04-30
Mississippi,38,2017-04-30
Missouri,74,2017-04-30
Montana,75,2017-04-30
Nebraska,75,2017-04-30
Nevada,67,2017-04-30
New Hampshire,91,2017-04-30
New Jersey,48,2017-04-30
New Mexico,58,2017-04-30
New York,48,2017-04-30
North Carolina,58,2017-04-30
North Dakota,50,2017-04-30
Ohio,56,2017-04-30
Oklahoma,62,2017-04-30
Oregon,83,2017-04-30
Pennsylvania,56,2017-04-30
Rhode Island,71,2017-04-30
South Carolina,65,2017-04-30
South Dakota,68,2017-04-30
Tennessee,51,2017-04-30
Texas,40,2017-04-30
Utah,39,2017-04-30
Vermont,62,2017-04-30
Virginia,58,2017-04-30
Washington,83,2017-04-30
West Virginia,46,2017-04-30
Wisconsin,56,2017-04-30
Wyoming,69,2017-04-30
Alabama,57,2017-05-31
Alaska,35,2017-05-31
Arizona,91,2017-05-31
Arkansas,67,2017-05-31
California,75,2017-05-31
Colorado,87,2017-05-31
Connecticut,67,2017-05-31
Delaware,88,2017-05-31
District of Columbia,60,2017-05-31
Florida,84,2017-05-31
Georgia,78,2017-05-31
Hawaii,47,2017-05-31
Idaho,98,2017-05-31
Illinois,68,2017-05-31
Indiana,82,2017-05-31
Iowa,66,2017-05-31
Kansas,56,2017-05-31
Kentucky,74,2017-05-31
Louisiana,46,2017-05-31
Maine,61,2017-05-31
Maryland,74,2017-05-31
Massachusetts,71,2017-05-31
Michigan,95,2017-05-31
Minnesota,68,2017-05-31
Mississippi,48,2017-05-31
Missouri,76,2017-05-31
Montana,63,2017-05-31
Nebraska,89,2017-05-31
Nevada,94,2017-05-31
New Hampshire,86,2017-05-31
New Jersey,58,2017-05-31
New Mexico,69,2017-05-31
New York,55,2017-05-31
North Carolina,72,2017-05-31
North Dakota,51,2017-05-31
Ohio,72,2017-05-31
Oklahoma,70,2017-05-31
Oregon,95,2017-05-31
Pennsylvania,64,2017-05-31
Rhode Island,70,2017-05-31
South Carolina,78,2017-05-31
South Dakota,50,2017-05-31
Tennessee,63,2017-05-31
Texas,46,2017-05-31
Utah,47,2017-05-31
Vermont,72,2017-05-31
Virginia,63,2017-05-31
Washington,100,2017-05-31
West Virginia,65,2017-05-31
Wisconsin,65,2017-05-31
Wyoming,65,2017-05-31
Alabama,64,2017-06-30
Alaska,45,2017-06-30
Arizona,86,2017-06-30
Arkansas,72,2017-06-30
California,75,2017-06-30
Colorado,88,2017-06-30
Connecticut,79,2017-06-30
Delaware,74,2017-06-30
District of Columbia,49,2017-06-30
Florida,79,2017-06-30
Georgia,78,2017-06-30
Hawaii,47,2017-06-30
Idaho,100,2017-06-30
Illinois,67,2017-06-30
Indiana,69,2017-06-30
Iowa,52,2017-06-30
Kansas,55,2017-06-30
Kentucky,61,2017-06-30
Louisiana,40,2017-06-30
Maine,72,2017-06-30
Maryland,66,2017-06-30
Massachusetts,74,2017-06-30
Michigan,98,2017-06-30
Minnesota,58,2017-06-30
Mississippi,48,2017-06-30
Missouri,81,2017-06-30
Montana,98,2017-06-30
Nebraska,71,2017-06-30
Nevada,81,2017-06-30
New Hampshire,81,2017-06-30
New Jersey,52,2017-06-30
New Mexico,51,2017-06-30
New York,52,2017-06-30
North Carolina,67,2017-06-30
North Dakota,49,2017-06-30
Ohio,69,2017-06-30
Oklahoma,55,2017-06-30
Oregon,83,2017-06-30
Pennsylvania,64,2017-06-30
Rhode Island,74,2017-06-30
South Carolina,67,2017-06-30
South Dakota,46,2017-06-30
Tennessee,62,2017-06-30
Texas,43,2017-06-30
Utah,53,2017-06-30
Vermont,84,2017-06-30
Virginia,65,2017-06-30
Washington,90,2017-06-30
West Virginia,61,2017-06-30
Wisconsin,61,2017-06-30
Wyoming,69,2017-06-30
Alabama,47,2017-07-31
Alaska,39,2017-07-31
Arizona,68,2017-07-31
Arkansas,54,2017-07-31
California,61,2017-07-31
Colorado,68,2017-07-31
Connecticut,56,2017-07-31
Delaware,57,2017-07-31
District of Columbia,46,2017-07-31
Florida,64,2017-07-31
Georgia,56,2017-07-31
Hawaii,40,2017-07-31
Idaho,100,2017-07-31
Illinois,53,2017-07-31
Indiana,55,2017-07-31
Iowa,47,2017-07-31
Kansas,38,2017-07-31
Kentucky,52,2017-07-31
Louisiana,43,2017-07-31
Maine,48,2017-07-31
Maryland,61,2017-07-31
Massachusetts,59,2017-07-31
Michigan,84,2017-07-31
Minnesota,50,2017-07-31
Mississippi,39,2017-07-31
Missouri,59,2017-07-31
Montana,76,2017-07-31
Nebraska,66,2017-07-31
Nevada,67,2017-07-31
New Hampshire,70,2017-07-31
New Jersey,46,2017-07-31
New Mexico,55,2017-07-31
New York,47,2017-07-31
North Carolina,57,2017-07-31
North Dakota,48,2017-07-31
Ohio,58,2017-07-31
Oklahoma,50,2017-07-31
Oregon,76,2017-07-31
Pennsylvania,53,2017-07-31
Rhode Island,74,2017-07-31
South Carolina,60,2017-07-31
South Dakota,42,2017-07-31
Tennessee,53,2017-07-31
Texas,35,2017-07-31
Utah,42,2017-07-31
Vermont,47,2017-07-31
Virginia,54,2017-07-31
Washington,79,2017-07-31
West Virginia,52,2017-07-31
Wisconsin,53,2017-07-31
Wyoming,46,2017-07-31
Alabama,64,2017-08-31
Alaska,52,2017-08-31
Arizona,79,2017-08-31
Arkansas,59,2017-08-31
California,65,2017-08-31
Colorado,69,2017-08-31
Connecticut,69,2017-08-31
Delaware,65,2017-08-31
District of Columbia,45,2017-08-31
Florida,63,2017-08-31
Georgia,65,2017-08-31
Hawaii,50,2017-08-31
Idaho,100,2017-08-31
Illinois,55,2017-08-31
Indiana,59,2017-08-31
Iowa,55,2017-08-31
Kansas,43,2017-08-31
Kentucky,55,2017-08-31
Louisiana,34,2017-08-31
Maine,62,2017-08-31
Maryland,65,2017-08-31
Massachusetts,66,2017-08-31
Michigan,80,2017-08-31
Minnesota,51,2017-08-31
Mississippi,48,2017-08-31
Missouri,69,2017-08-31
Montana,67,2017-08-31
Nebraska,56,2017-08-31
Nevada,68,2017-08-31
New Hampshire,62,2017-08-31
New Jersey,54,2017-08-31
New Mexico,56,2017-08-31
New York,47,2017-08-31
North Carolina,57,2017-08-31
North Dakota,26,2017-08-31
Ohio,57,2017-08-31
Oklahoma,44,2017-08-31
Oregon,81,2017-08-31
Pennsylvania,56,2017-08-31
Rhode Island,66,2017-08-31
South Carolina,56,2017-08-31
South Dakota,55,2017-08-31
Tennessee,62,2017-08-31
Texas,36,2017-08-31
Utah,38,2017-08-31
Vermont,62,2017-08-31
Virginia,64,2017-08-31
Washington,86,2017-08-31
West Virginia,43,2017-08-31
Wisconsin,59,2017-08-31
Wyoming,45,2017-08-31
Alabama,63,2017-09-30
Alaska,46,2017-09-30
Arizona,100,2017-09-30
Arkansas,66,2017-09-30
California,67,2017-09-30
Colorado,75,2017-09-30
Connecticut,72,2017-09-30
Delaware,72,2017-09-30
District of Columbia,42,2017-09-30
Florida,83,2017-09-30
Georgia,70,2017-09-30
Hawaii,48,2017-09-30
Idaho,93,2017-09-30
Illinois,59,2017-09-30
Indiana,67,2017-09-30
Iowa,53,2017-09-30
Kansas,42,2017-09-30
Kentucky,60,2017-09-30
Louisiana,48,2017-09-30
Maine,58,2017-09-30
Maryland,62,2017-09-30
Massachusetts,69,2017-09-30
Michigan,86,2017-09-30
Minnesota,51,2017-09-30
Mississippi,48,2017-09-30
Missouri,73,2017-09-30
Montana,62,2017-09-30
Nebraska,64,2017-09-30
Nevada,85,2017-09-30
New Hampshire,77,2017-09-30
New Jersey,61,2017-09-30
New Mexico,65,2017-09-30
New York,51,2017-09-30
North Carolina,64,2017-09-30
North Dakota,37,2017-09-30
Ohio,67,2017-09-30
Oklahoma,63,2017-09-30
Oregon,89,2017-09-30
Pennsylvania,63,2017-09-30
Rhode Island,77,2017-09-30
South Carolina,59,2017-09-30
South Dakota,66,2017-09-30
Tennessee,64,2017-09-30
Texas,40,2017-09-30
Utah,48,2017-09-30
Vermont,73,2017-09-30
Virginia,66,2017-09-30
Washington,83,2017-09-30
West Virginia,38,2017-09-30
Wisconsin,56,2017-09-30
Wyoming,62,2017-09-30
Alabama,66,2017-10-31
Alaska,89,2017-10-31
Arizona,100,2017-10-31
Arkansas,59,2017-10-31
California,72,2017-10-31
Colorado,84,2017-10-31
Connecticut,76,2017-10-31
Delaware,58,2017-10-31
District of Columbia,63,2017-10-31
Florida,85,2017-10-31
Georgia,78,2017-10-31
Hawaii,39,2017-10-31
Idaho,99,2017-10-31
Illinois,61,2017-10-31
Indiana,63,2017-10-31
Iowa,55,2017-10-31
Kansas,58,2017-10-31
Kentucky,63,2017-10-31
Louisiana,46,2017-10-31
Maine,53,2017-10-31
Maryland,69,2017-10-31
Massachusetts,60,2017-10-31
Michigan,96,2017-10-31
Minnesota,54,2017-10-31
Mississippi,41,2017-10-31
Missouri,82,2017-10-31
Montana,74,2017-10-31
Nebraska,65,2017-10-31
Nevada,89,2017-10-31
New Hampshire,60,2017-10-31
New Jersey,58,2017-10-31
New Mexico,65,2017-10-31
New York,54,2017-10-31
North Carolina,65,2017-10-31
North Dakota,47,2017-10-31
Ohio,62,2017-10-31
Oklahoma,69,2017-10-31
Oregon,93,2017-10-31
Pennsylvania,60,2017-10-31
Rhode Island,68,2017-10-31
South Carolina,64,2017-10-31
South Dakota,53,2017-10-31
Tennessee,75,2017-10-31
Texas,46,2017-10-31
Utah,55,2017-10-31
Vermont,67,2017-10-31
Virginia,67,2017-10-31
Washington,94,2017-10-31
West Virginia,71,2017-10-31
Wisconsin,60,2017-10-31
Wyoming,96,2017-10-31
Alabama,48,2017-11-30
Alaska,36,2017-11-30
Arizona,80,2017-11-30
Arkansas,51,2017-11-30
California,58,2017-11-30
Colorado,70,2017-11-30
Connecticut,48,2017-11-30
Delaware,48,2017-11-30
District of Columbia,52,2017-11-30
Florida,67,2017-11-30
Georgia,59,2017-11-30
Hawaii,48,2017-11-30
Idaho,100,2017-11-30
Illinois,48,2017-11-30
Indiana,48,2017-11-30
Iowa,40,2017-11-30
Kansas,51,2017-11-30
Kentucky,51,2017-11-30
Louisiana,37,2017-11-30
Maine,46,2017-11-30
Maryland,57,2017-11-30
Massachusetts,51,2017-11-30
Michigan,68,2017-11-30
Minnesota,45,2017-11-30
Mississippi,50,2017-11-30
Missouri,61,2017-11-30
Montana,77,2017-11-30
Nebraska,54,2017-11-30
Nevada,67,2017-11-30
New Hampshire,53,2017-11-30
New Jersey,47,2017-11-30
New Mexico,53,2017-11-30
New York,40,2017-11-30
North Carolina,52,2017-11-30
North Dakota,44,2017-11-30
Ohio,48,2017-11-30
Oklahoma,41,2017-11-30
Oregon,76,2017-11-30
Pennsylvania,52,2017-11-30
Rhode Island,53,2017-11-30
South Carolina,53,2017-11-30
South Dakota,43,2017-11-30
Tennessee,46,2017-11-30
Texas,36,2017-11-30
Utah,41,2017-11-30
Vermont,47,2017-11-30
Virginia,58,2017-11-30
Washington,68,2017-11-30
West Virginia,36,2017-11-30
Wisconsin,45,2017-11-30
Wyoming,58,2017-11-30
Alabama,76,2017-12-31
Alaska,61,2017-12-31
Arizona,98,2017-12-31
Arkansas,69,2017-12-31
California,73,2017-12-31
Colorado,88,2017-12-31
Connecticut,66,2017-12-31
Delaware,74,2017-12-31
District of Columbia,61,2017-12-31
Florida,88,2017-12-31
Georgia,77,2017-12-31
Hawaii,63,2017-12-31
Idaho,100,2017-12-31
Illinois,69,2017-12-31
Indiana,67,2017-12-31
Iowa,55,2017-12-31
Kansas,71,2017-12-31
Kentucky,60,2017-12-31
Louisiana,45,2017-12-31
Maine,40,2017-12-31
Maryland,66,2017-12-31
Massachusetts,65,2017-12-31
Michigan,92,2017-12-31
Minnesota,57,2017-12-31
Mississippi,49,2017-12-31
Missouri,81,2017-12-31
Montana,81,2017-12-31
Nebraska,71,2017-12-31
Nevada,83,2017-12-31
New Hampshire,62,2017-12-31
New Jersey,58,2017-12-31
New Mexico,96,2017-12-31
New York,55,2017-12-31
North Carolina,65,2017-12-31
North Dakota,47,2017-12-31
Ohio,65,2017-12-31
Oklahoma,58,2017-12-31
Oregon,86,2017-12-31
Pennsylvania,60,2017-12-31
Rhode Island,79,2017-12-31
South Carolina,70,2017-12-31
South Dakota,38,2017-12-31
Tennessee,73,2017-12-31
Texas,52,2017-12-31
Utah,48,2017-12-31
Vermont,66,2017-12-31
Virginia,68,2017-12-31
Washington,84,2017-12-31
West Virginia,56,2017-12-31
Wisconsin,59,2017-12-31
Wyoming,68,2017-12-31
Alabama,56,2018-01-31
Alaska,48,2018-01-31
Arizona,90,2018-01-31
Arkansas,51,2018-01-31
California,66,2018-01-31
Colorado,72,2018-01-31
Connecticut,71,2018-01-31
Delaware,72,2018-01-31
District of Columbia,35,2018-01-31
Florida,81,2018-01-31
Georgia,70,2018-01-31
Hawaii,51,2018-01-31
Idaho,100,2018-01-31
Illinois,55,2018-01-31
Indiana,61,2018-01-31
Iowa,47,2018-01-31
Kansas,62,2018-01-31
Kentucky,55,2018-01-31
Louisiana,41,2018-01-31
Maine,49,2018-01-31
Maryland,63,2018-01-31
Massachusetts,60,2018-01-31
Michigan,73,2018-01-31
Minnesota,48,2018-01-31
Mississippi,52,2018-01-31
Missouri,71,2018-01-31
Montana,64,2018-01-31
Nebraska,64,2018-01-31
Nevada,78,2018-01-31
New Hampshire,65,2018-01-31
New Jersey,49,2018-01-31
New Mexico,58,2018-01-31
New York,49,2018-01-31
North Carolina,57,2018-01-31
North Dakota,51,2018-01-31
Ohio,57,2018-01-31
Oklahoma,56,2018-01-31
Oregon,82,2018-01-31
Pennsylvania,54,2018-01-31
Rhode Island,76,2018-01-31
South Carolina,62,2018-01-31
South Dakota,39,2018-01-31
Tennessee,64,2018-01-31
Texas,39,2018-01-31
Utah,44,2018-01-31
Vermont,82,2018-01-31
Virginia,64,2018-01-31
Washington,77,2018-01-31
West Virginia,47,2018-01-31
Wisconsin,53,2018-01-31
Wyoming,82,2018-01-31
Alabama,62,2018-02-28
Alaska,52,2018-02-28
Arizona,92,2018-02-28
Arkansas,69,2018-02-28
California,67,2018-02-28
Colorado,88,2018-02-28
Connecticut,67,2018-02-28
Delaware,82,2018-02-28
District of Columbia,45,2018-02-28
Florida,85,2018-02-28
Georgia,68,2018-02-28
Hawaii,45,2018-02-28
Idaho,100,2018-02-28
Illinois,65,2018-02-28
Indiana,72,2018-02-28
Iowa,61,2018-02-28
Kansas,66,2018-02-28
Kentucky,57,2018-02-28
Louisiana,45,2018-02-28
Maine,54,2018-02-28
Maryland,66,2018-02-28
Massachusetts,66,2018-02-28
Michigan,86,2018-02-28
Minnesota,64,2018-02-28
Mississippi,54,2018-02-28
Missouri,70,2018-02-28
Montana,95,2018-02-28
Nebraska,79,2018-02-28
Nevada,78,2018-02-28
New Hampshire,76,2018-02-28
New Jersey,53,2018-02-28
New Mexico,67,2018-02-28
New York,51,2018-02-28
North Carolina,67,2018-02-28
North Dakota,51,2018-02-28
Ohio,68,2018-02-28
Oklahoma,63,2018-02-28
Oregon,88,2018-02-28
Pennsylvania,58,2018-02-28
Rhode Island,69,2018-02-28
South Carolina,65,2018-02-28
South Dakota,47,2018-02-28
Tennessee,66,2018-02-28
Texas,45,2018-02-28
Utah,48,2018-02-28
Vermont,64,2018-02-28
Virginia,68,2018-02-28
Washington,84,2018-02-28
West Virginia,62,2018-02-28
Wisconsin,62,2018-02-28
Wyoming,57,2018-02-28
Alabama,56,2018-03-31
Alaska,49,2018-03-31
Arizona,73,2018-03-31
Arkansas,46,2018-03-31
California,58,2018-03-31
Colorado,70,2018-03-31
Connecticut,64,2018-03-31
Delaware,58,2018-03-31
District of Columbia,42,2018-03-31
Florida,71,2018-03-31
Georgia,64,2018-03-31
Hawaii,40,2018-03-31
Idaho,100,2018-03-31
Illinois,57,2018-03-31
Indiana,54,2018-03-31
Iowa,65,2018-03-31
Kansas,50,2018-03-31
Kentucky,54,2018-03-31
Louisiana,41,2018-03-31
Maine,54,2018-03-31
Maryland,55,2018-03-31
Massachusetts,52,2018-03-31
Michigan,76,2018-03-31
Minnesota,59,2018-03-31
Mississippi,42,2018-03-31
Missouri,61,2018-03-31
Montana,70,2018-03-31
Nebraska,69,2018-03-31
Nevada,73,2018-03-31
New Hampshire,88,2018-03-31
New Jersey,48,2018-03-31
New Mexico,56,2018-03-31
New York,44,2018-03-31
North Carolina,51,2018-03-31
North Dakota,57,2018-03-31
Ohio,58,2018-03-31
Oklahoma,52,2018-03-31
Oregon,79,2018-03-31
Pennsylvania,56,2018-03-31
Rhode Island,54,2018-03-31
South Carolina,57,2018-03-31
South Dakota,52,2018-03-31
Tennessee,56,2018-03-31
Texas,37,2018-03-31
Utah,34,2018-03-31
Vermont,54,2018-03-31
Virginia,61,2018-03-31
Washington,72,2018-03-31
West Virginia,42,2018-03-31
Wisconsin,56,2018-03-31
Wyoming,94,2018-03-31
Alabama,64,2018-04-30
Alaska,52,2018-04-30
Arizona,83,2018-04-30
Arkansas,58,2018-04-30
California,62,2018-04-30
Colorado,76,2018-04-30
Connecticut,65,2018-04-30
Delaware,58,2018-04-30
District of Columbia,46,2018-04-30
Florida,72,2018-04-30
Georgia,70,2018-04-30
Hawaii,38,2018-04-30
Idaho,100,2018-04-30
Illinois,60,2018-04-30
Indiana,64,2018-04-30
Iowa,64,2018-04-30
Kansas,63,2018-04-30
Kentucky,56,2018-04-30
Louisiana,46,2018-04-30
Maine,55,2018-04-30
Maryland,63,2018-04-30
Massachusetts,60,2018-04-30
Michigan,84,2018-04-30
Minnesota,53,2018-04-30
Mississippi,48,2018-04-30
Missouri,68,2018-04-30
Montana,61,2018-04-30
Nebraska,77,2018-04-30
Nevada,73,2018-04-30
New Hampshire,77,2018-04-30
New Jersey,48,2018-04-30
New Mexico,67,2018-04-30
New York,48,2018-04-30
North Carolina,60,2018-04-30
North Dakota,48,2018-04-30
Ohio,57,2018-04-30
Oklahoma,59,2018-04-30
Oregon,84,2018-04-30
Pennsylvania,54,2018-04-30
Rhode Island,63,2018-04-30
South Carolina,71,2018-04-30
South Dakota,78,2018-04-30
Tennessee,57,2018-04-30
Texas,40,2018-04-30
Utah,47,2018-04-30
Vermont,51,2018-04-30
Virginia,63,2018-04-30
Washington,84,2018-04-30
West Virginia,66,2018-04-30
Wisconsin,60,2018-04-30
Wyoming,90,2018-04-30
Alabama,69,2018-05-31
Alaska,54,2018-05-31
Arizona,91,2018-05-31
Arkansas,54,2018-05-31
California,67,2018-05-31
Colorado,78,2018-05-31
Connecticut,78,2018-05-31
Delaware,90,2018-05-31
District of Columbia,45,2018-05-31
Florida,79,2018-05-31
Georgia,77,2018-05-31
Hawaii,55,2018-05-31
Idaho,100,2018-05-31
Illinois,64,2018-05-31
Indiana,66,2018-05-31
Iowa,67,2018-05-31
Kansas,75,2018-05-31
Kentucky,57,2018-05-31
Louisiana,45,2018-05-31
Maine,65,2018-05-31
Maryland,61,2018-05-31
Massachusetts,71,2018-05-31
Michigan,95,2018-05-31
Minnesota,66,2018-05-31
Mississippi,49,2018-05-31
Missouri,80,2018-05-31
Montana,77,2018-05-31
Nebraska,85,2018-05-31
Nevada,71,2018-05-31
New Hampshire,74,2018-05-31
New Jersey,51,2018-05-31
New Mexico,70,2018-05-31
New York,51,2018-05-31
North Carolina,67,2018-05-31
North Dakota,51,2018-05-31
Ohio,65,2018-05-31
Oklahoma,68,2018-05-31
Oregon,87,2018-05-31
Pennsylvania,62,2018-05-31
Rhode Island,70,2018-05-31
South Carolina,70,2018-05-31
South Dakota,79,2018-05-31
Tennessee,66,2018-05-31
Texas,45,2018-05-31
Utah,48,2018-05-31
Vermont,78,2018-05-31
Virginia,69,2018-05-31
Washington,85,2018-05-31
West Virginia,51,2018-05-31
Wisconsin,66,2018-05-31
Wyoming,69,2018-05-31
Alabama,64,2018-06-30
Alaska,49,2018-06-30
Arizona,92,2018-06-30
Arkansas,61,2018-06-30
California,70,2018-06-30
Colorado,78,2018-06-30
Connecticut,63,2018-06-30
Delaware,64,2018-06-30
District of Columbia,37,2018-06-30
Florida,77,2018-06-30
Georgia,73,2018-06-30
Hawaii,47,2018-06-30
Idaho,100,2018-06-30
Illinois,64,2018-06-30
Indiana,72,2018-06-30
Iowa,68,2018-06-30
Kansas,66,2018-06-30
Kentucky,68,2018-06-30
Louisiana,44,2018-06-30
Maine,62,2018-06-30
Maryland,64,2018-06-30
Massachusetts,65,2018-06-30
Michigan,99,2018-06-30
Minnesota,67,2018-06-30
Mississippi,52,2018-06-30
Missouri,80,2018-06-30
Montana,75,2018-06-30
Nebraska,87,2018-06-30
Nevada,77,2018-06-30
New Hampshire,79,2018-06-30
New Jersey,57,2018-06-30
New Mexico,62,2018-06-30
New York,52,2018-06-30
North Carolina,65,2018-06-30
North Dakota,63,2018-06-30
Ohio,71,2018-06-30
Oklahoma,67,2018-06-30
Oregon,97,2018-06-30
Pennsylvania,62,2018-06-30
Rhode Island,84,2018-06-30
South Carolina,70,2018-06-30
South Dakota,62,2018-06-30
Tennessee,62,2018-06-30
Texas,44,2018-06-30
Utah,55,2018-06-30
Vermont,64,2018-06-30
Virginia,70,2018-06-30
Washington,81,2018-06-30
West Virginia,59,2018-06-30
Wisconsin,60,2018-06-30
Wyoming,76,2018-06-30
Alabama,61,2018-07-31
Alaska,55,2018-07-31
Arizona,81,2018-07-31
Arkansas,67,2018-07-31
California,70,2018-07-31
Colorado,83,2018-07-31
Connecticut,75,2018-07-31
Delaware,61,2018-07-31
District of Columbia,41,2018-07-31
Florida,78,2018-07-31
Georgia,74,2018-07-31
Hawaii,44,2018-07-31
Idaho,93,2018-07-31
Illinois,65,2018-07-31
Indiana,69,2018-07-31
Iowa,62,2018-07-31
Kansas,60,2018-07-31
Kentucky,70,2018-07-31
Louisiana,48,2018-07-31
Maine,55,2018-07-31
Maryland,66,2018-07-31
Massachusetts,65,2018-07-31
Michigan,100,2018-07-31
Minnesota,58,2018-07-31
Mississippi,46,2018-07-31
Missouri,78,2018-07-31
Montana,84,2018-07-31
Nebraska,74,2018-07-31
Nevada,83,2018-07-31
New Hampshire,95,2018-07-31
New Jersey,62,2018-07-31
New Mexico,70,2018-07-31
New York,55,2018-07-31
North Carolina,63,2018-07-31
North Dakota,61,2018-07-31
Ohio,68,2018-07-31
Oklahoma,65,2018-07-31
Oregon,100,2018-07-31
Pennsylvania,63,2018-07-31
Rhode Island,76,2018-07-31
South Carolina,65,2018-07-31
South Dakota,66,2018-07-31
Tennessee,65,2018-07-31
Texas,44,2018-07-31
Utah,48,2018-07-31
Vermont,68,2018-07-31
Virginia,70,2018-07-31
Washington,82,2018-07-31
West Virginia,54,2018-07-31
Wisconsin,70,2018-07-31
Wyoming,76,2018-07-31
Alabama,63,2018-08-31
Alaska,47,2018-08-31
Arizona,87,2018-08-31
Arkansas,52,2018-08-31
California,72,2018-08-31
Colorado,80,2018-08-31
Connecticut,67,2018-08-31
Delaware,59,2018-08-31
District of Columbia,41,2018-08-31
Florida,76,2018-08-31
Georgia,76,2018-08-31
Hawaii,45,2018-08-31
Idaho,97,2018-08-31
Illinois,62,2018-08-31
Indiana,71,2018-08-31
Iowa,60,2018-08-31
Kansas,72,2018-08-31
Kentucky,67,2018-08-31
Louisiana,50,2018-08-31
Maine,54,2018-08-31
Maryland,67,2018-08-31
Massachusetts,63,2018-08-31
Michigan,100,2018-08-31
Minnesota,57,2018-08-31
Mississippi,50,2018-08-31
Missouri,70,2018-08-31
Montana,65,2018-08-31
Nebraska,67,2018-08-31
Nevada,83,2018-08-31
New Hampshire,68,2018-08-31
New Jersey,62,2018-08-31
New Mexico,66,2018-08-31
New York,55,2018-08-31
North Carolina,58,2018-08-31
North Dakota,45,2018-08-31
Ohio,64,2018-08-31
Oklahoma,57,2018-08-31
Oregon,99,2018-08-31
Pennsylvania,63,2018-08-31
Rhode Island,76,2018-08-31
South Carolina,59,2018-08-31
South Dakota,70,2018-08-31
Tennessee,65,2018-08-31
Texas,43,2018-08-31
Utah,44,2018-08-31
Vermont,47,2018-08-31
Virginia,64,2018-08-31
Washington,81,2018-08-31
West Virginia,47,2018-08-31
Wisconsin,67,2018-08-31
Wyoming,86,2018-08-31
Alabama,52,2018-09-30
Alaska,76,2018-09-30
Arizona,74,2018-09-30
Arkansas,50,2018-09-30
California,63,2018-09-30
Colorado,67,2018-09-30
Connecticut,65,2018-09-30
Delaware,75,2018-09-30
District of Columbia,42,2018-09-30
Florida,71,2018-09-30
Georgia,66,2018-09-30
Hawaii,49,2018-09-30
Idaho,100,2018-09-30
Illinois,58,2018-09-30
Indiana,64,2018-09-30
Iowa,53,2018-09-30
Kansas,53,2018-09-30
Kentucky,64,2018-09-30
Louisiana,39,2018-09-30
Maine,40,2018-09-30
Maryland,55,2018-09-30
Massachusetts,59,2018-09-30
Michigan,81,2018-09-30
Minnesota,50,2018-09-30
Mississippi,43,2018-09-30
Missouri,68,2018-09-30
Montana,71,2018-09-30
Nebraska,62,2018-09-30
Nevada,78,2018-09-30
New Hampshire,76,2018-09-30
New Jersey,53,2018-09-30
New Mexico,57,2018-09-30
New York,50,2018-09-30
North Carolina,57,2018-09-30
North Dakota,48,2018-09-30
Ohio,58,2018-09-30
Oklahoma,45,2018-09-30
Oregon,84,2018-09-30
Pennsylvania,53,2018-09-30
Rhode Island,83,2018-09-30
South Carolina,57,2018-09-30
South Dakota,52,2018-09-30
Tennessee,59,2018-09-30
Texas,38,2018-09-30
Utah,45,2018-09-30
Vermont,71,2018-09-30
Virginia,60,2018-09-30
Washington,71,2018-09-30
West Virginia,58,2018-09-30
Wisconsin,55,2018-09-30
Wyoming,72,2018-09-30
Alabama,62,2018-10-31
Alaska,52,2018-10-31
Arizona,89,2018-10-31
Arkansas,49,2018-10-31
California,68,2018-10-31
Colorado,77,2018-10-31
Connecticut,68,2018-10-31
Delaware,77,2018-10-31
District of Columbia,57,2018-10-31
Florida,77,2018-10-31
Georgia,61,2018-10-31
Hawaii,62,2018-10-31
Idaho,89,2018-10-31
Illinois,60,2018-10-31
Indiana,62,2018-10-31
Iowa,67,2018-10-31
Kansas,65,2018-10-31
Kentucky,66,2018-10-31
Louisiana,45,2018-10-31
Maine,56,2018-10-31
Maryland,59,2018-10-31
Massachusetts,59,2018-10-31
Michigan,82,2018-10-31
Minnesota,59,2018-10-31
Mississippi,61,2018-10-31
Missouri,71,2018-10-31
Montana,77,2018-10-31
Nebraska,67,2018-10-31
Nevada,76,2018-10-31
New Hampshire,74,2018-10-31
New Jersey,50,2018-10-31
New Mexico,75,2018-10-31
New York,51,2018-10-31
North Carolina,64,2018-10-31
North Dakota,59,2018-10-31
Ohio,62,2018-10-31
Oklahoma,62,2018-10-31
Oregon,100,2018-10-31
Pennsylvania,54,2018-10-31
Rhode Island,81,2018-10-31
South Carolina,55,2018-10-31
South Dakota,60,2018-10-31
Tennessee,70,2018-10-31
Texas,43,2018-10-31
Utah,55,2018-10-31
Vermont,62,2018-10-31
Virginia,61,2018-10-31
Washington,86,2018-10-31
West Virginia,51,2018-10-31
Wisconsin,61,2018-10-31
Wyoming,98,2018-10-31
Alabama,64,2018-11-30
Alaska,62,2018-11-30
Arizona,90,2018-11-30
Arkansas,58,2018-11-30
California,67,2018-11-30
Colorado,83,2018-11-30
Connecticut,66,2018-11-30
Delaware,64,2018-11-30
District of Columbia,51,2018-11-30
Florida,75,2018-11-30
Georgia,70,2018-11-30
Hawaii,55,2018-11-30
Idaho,85,2018-11-30
Illinois,58,2018-11-30
Indiana,61,2018-11-30
Iowa,68,2018-11-30
Kansas,61,2018-11-30
Kentucky,60,2018-11-30
Louisiana,46,2018-11-30
Maine,59,2018-11-30
Maryland,65,2018-11-30
Massachusetts,56,2018-11-30
Michigan,83,2018-11-30
Minnesota,51,2018-11-30
Mississippi,49,2018-11-30
Missouri,71,2018-11-30
Montana,77,2018-11-30
Nebraska,58,2018-11-30
Nevada,83,2018-11-30
New Hampshire,60,2018-11-30
New Jersey,45,2018-11-30
New Mexico,69,2018-11-30
New York,48,2018-11-30
North Carolina,61,2018-11-30
North Dakota,44,2018-11-30
Ohio,55,2018-11-30
Oklahoma,48,2018-11-30
Oregon,100,2018-11-30
Pennsylvania,51,2018-11-30
Rhode Island,78,2018-11-30
South Carolina,67,2018-11-30
South Dakota,36,2018-11-30
Tennessee,61,2018-11-30
Texas,45,2018-11-30
Utah,42,2018-11-30
Vermont,59,2018-11-30
Virginia,66,2018-11-30
Washington,76,2018-11-30
West Virginia,42,2018-11-30
Wisconsin,55,2018-11-30
Wyoming,49,2018-11-30
Alabama,65,2018-12-31
Alaska,67,2018-12-31
Arizona,92,2018-12-31
Arkansas,65,2018-12-31
California,64,2018-12-31
Colorado,74,2018-12-31
Connecticut,58,2018-12-31
Delaware,68,2018-12-31
District of Columbia,38,2018-12-31
Florida,77,2018-12-31
Georgia,71,2018-12-31
Hawaii,42,2018-12-31
Idaho,100,2018-12-31
Illinois,57,2018-12-31
Indiana,58,2018-12-31
Iowa,53,2018-12-31
Kansas,59,2018-12-31
Kentucky,63,2018-12-31
Louisiana,48,2018-12-31
Maine,45,2018-12-31
Maryland,55,2018-12-31
Massachusetts,58,2018-12-31
Michigan,80,2018-12-31
Minnesota,54,2018-12-31
Mississippi,50,2018-12-31
Missouri,66,2018-12-31
Montana,61,2018-12-31
Nebraska,61,2018-12-31
Nevada,75,2018-12-31
New Hampshire,77,2018-12-31
New Jersey,51,2018-12-31
New Mexico,59,2018-12-31
New York,45,2018-12-31
North Carolina,61,2018-12-31
North Dakota,54,2018-12-31
Ohio,59,2018-12-31
Oklahoma,68,2018-12-31
Oregon,79,2018-12-31
Pennsylvania,54,2018-12-31
Rhode Island,70,2018-12-31
South Carolina,60,2018-12-31
South Dakota,42,2018-12-31
Tennessee,62,2018-12-31
Texas,43,2018-12-31
Utah,46,2018-12-31
Vermont,60,2018-12-31
Virginia,68,2018-12-31
Washington,72,2018-12-31
West Virginia,51,2018-12-31
Wisconsin,53,2018-12-31
Wyoming,69,2018-12-31
Alabama,72,2019-01-31
Alaska,60,2019-01-31
Arizona,90,2019-01-31
Arkansas,70,2019-01-31
California,66,2019-01-31
Colorado,80,2019-01-31
Connecticut,64,2019-01-31
Delaware,78,2019-01-31
District of Columbia,42,2019-01-31
Florida,85,2019-01-31
Georgia,79,2019-01-31
Hawaii,40,2019-01-31
Idaho,100,2019-01-31
Illinois,62,2019-01-31
Indiana,73,2019-01-31
Iowa,58,2019-01-31
Kansas,69,2019-01-31
Kentucky,67,2019-01-31
Louisiana,54,2019-01-31
Maine,65,2019-01-31
Maryland,65,2019-01-31
Massachusetts,70,2019-01-31
Michigan,84,2019-01-31
Minnesota,60,2019-01-31
Mississippi,47,2019-01-31
Missouri,71,2019-01-31
Montana,77,2019-01-31
Nebraska,76,2019-01-31
Nevada,87,2019-01-31
New Hampshire,58,2019-01-31
New Jersey,59,2019-01-31
New Mexico,64,2019-01-31
New York,50,2019-01-31
North Carolina,72,2019-01-31
North Dakota,64,2019-01-31
Ohio,72,2019-01-31
Oklahoma,69,2019-01-31
Oregon,93,2019-01-31
Pennsylvania,63,2019-01-31
Rhode Island,74,2019-01-31
South Carolina,69,2019-01-31
South Dakota,48,2019-01-31
Tennessee,69,2019-01-31
Texas,48,2019-01-31
Utah,47,2019-01-31
Vermont,79,2019-01-31
Virginia,74,2019-01-31
Washington,81,2019-01-31
West Virginia,56,2019-01-31
Wisconsin,62,2019-01-31
Wyoming,77,2019-01-31
Alabama,61,2019-02-28
Alaska,57,2019-02-28
Arizona,89,2019-02-28
Arkansas,66,2019-02-28
California,66,2019-02-28
Colorado,80,2019-02-28
Connecticut,68,2019-02-28
Delaware,68,2019-02-28
District of Columbia,43,2019-02-28
Florida,79,2019-02-28
Georgia,77,2019-02-28
Hawaii,42,2019-02-28
Idaho,92,2019-02-28
Illinois,64,2019-02-28
Indiana,68,2019-02-28
Iowa,57,2019-02-28
Kansas,63,2019-02-28
Kentucky,55,2019-02-28
Louisiana,50,2019-02-28
Maine,52,2019-02-28
Maryland,67,2019-02-28
Massachusetts,64,2019-02-28
Michigan,84,2019-02-28
Minnesota,57,2019-02-28
Mississippi,47,2019-02-28
Missouri,78,2019-02-28
Montana,78,2019-02-28
Nebraska,71,2019-02-28
Nevada,79,2019-02-28
New Hampshire,67,2019-02-28
New Jersey,56,2019-02-28
New Mexico,60,2019-02-28
New York,50,2019-02-28
North Carolina,60,2019-02-28
North Dakota,54,2019-02-28
Ohio,68,2019-02-28
Oklahoma,52,2019-02-28
Oregon,100,2019-02-28
Pennsylvania,62,2019-02-28
Rhode Island,68,2019-02-28
South Carolina,60,2019-02-28
South Dakota,45,2019-02-28
Tennessee,68,2019-02-28
Texas,46,2019-02-28
Utah,50,2019-02-28
Vermont,79,2019-02-28
Virginia,67,2019-02-28
Washington,77,2019-02-28
West Virginia,56,2019-02-28
Wisconsin,68,2019-02-28
Wyoming,73,2019-02-28
Alabama,58,2019-03-31
Alaska,78,2019-03-31
Arizona,78,2019-03-31
Arkansas,57,2019-03-31
California,57,2019-03-31
Colorado,74,2019-03-31
Connecticut,54,2019-03-31
Delaware,58,2019-03-31
District of Columbia,44,2019-03-31
Florida,67,2019-03-31
Georgia,65,2019-03-31
Hawaii,52,2019-03-31
Idaho,100,2019-03-31
Illinois,54,2019-03-31
Indiana,61,2019-03-31
Iowa,59,2019-03-31
Kansas,54,2019-03-31
Kentucky,57,2019-03-31
Louisiana,41,2019-03-31
Maine,57,2019-03-31
Maryland,58,2019-03-31
Massachusetts,51,2019-03-31
Michigan,80,2019-03-31
Minnesota,56,2019-03-31
Mississippi,39,2019-03-31
Missouri,64,2019-03-31
Montana,69,2019-03-31
Nebraska,68,2019-03-31
Nevada,68,2019-03-31
New Hampshire,72,2019-03-31
New Jersey,47,2019-03-31
New Mexico,68,2019-03-31
New York,42,2019-03-31
North Carolina,54,2019-03-31
North Dakota,40,2019-03-31
Ohio,59,2019-03-31
Oklahoma,48,2019-03-31
Oregon,86,2019-03-31
Pennsylvania,55,2019-03-31
Rhode Island,80,2019-03-31
South Carolina,53,2019-03-31
South Dakota,75,2019-03-31
Tennessee,56,2019-03-31
Texas,39,2019-03-31
Utah,42,2019-03-31
Vermont,62,2019-03-31
Virginia,61,2019-03-31
Washington,76,2019-03-31
West Virginia,52,2019-03-31
Wisconsin,55,2019-03-31
Wyoming,60,2019-03-31
Alabama,56,2019-04-30
Alaska,53,2019-04-30
Arizona,73,2019-04-30
Arkansas,55,2019-04-30
California,55,2019-04-30
Colorado,72,2019-04-30
Connecticut,55,2019-04-30
Delaware,60,2019-04-30
District of Columbia,40,2019-04-30
Florida,65,2019-04-30
Georgia,60,2019-04-30
Hawaii,48,2019-04-30
Idaho,88,2019-04-30
Illinois,51,2019-04-30
Indiana,57,2019-04-30
Iowa,57,2019-04-30
Kansas,60,2019-04-30
Kentucky,48,2019-04-30
Louisiana,35,2019-04-30
Maine,48,2019-04-30
Maryland,56,2019-04-30
Massachusetts,55,2019-04-30
Michigan,75,2019-04-30
Minnesota,57,2019-04-30
Mississippi,47,2019-04-30
Missouri,61,2019-04-30
Montana,100,2019-04-30
Nebraska,74,2019-04-30
Nevada,68,2019-04-30
New Hampshire,61,2019-04-30
New Jersey,43,2019-04-30
New Mexico,56,2019-04-30
New York,39,2019-04-30
North Carolina,51,2019-04-30
North Dakota,41,2019-04-30
Ohio,54,2019-04-30
Oklahoma,49,2019-04-30
Oregon,81,2019-04-30
Pennsylvania,52,2019-04-30
Rhode Island,59,2019-04-30
South Carolina,60,2019-04-30
South Dakota,49,2019-04-30
Tennessee,57,2019-04-30
Texas,36,2019-04-30
Utah,39,2019-04-30
Vermont,62,2019-04-30
Virginia,57,2019-04-30
Washington,66,2019-04-30
West Virginia,44,2019-04-30
Wisconsin,56,2019-04-30
Wyoming,79,2019-04-30
Alabama,62,2019-05-31
Alaska,48,2019-05-31
Arizona,83,2019-05-31
Arkansas,55,2019-05-31
California,61,2019-05-31
Colorado,72,2019-05-31
Connecticut,56,2019-05-31
Delaware,76,2019-05-31
District of Columbia,41,2019-05-31
Florida,63,2019-05-31
Georgia,67,2019-05-31
Hawaii,43,2019-05-31
Idaho,100,2019-05-31
Illinois,55,2019-05-31
Indiana,64,2019-05-31
Iowa,64,2019-05-31
Kansas,59,2019-05-31
Kentucky,61,2019-05-31
Louisiana,48,2019-05-31
Maine,60,2019-05-31
Maryland,56,2019-05-31
Massachusetts,57,2019-05-31
Michigan,77,2019-05-31
Minnesota,62,2019-05-31
Mississippi,53,2019-05-31
Missouri,67,2019-05-31
Montana,87,2019-05-31
Nebraska,70,2019-05-31
Nevada,70,2019-05-31
New Hampshire,74,2019-05-31
New Jersey,46,2019-05-31
New Mexico,62,2019-05-31
New York,42,2019-05-31
North Carolina,59,2019-05-31
North Dakota,50,2019-05-31
Ohio,64,2019-05-31
Oklahoma,49,2019-05-31
Oregon,96,2019-05-31
Pennsylvania,55,2019-05-31
Rhode Island,66,2019-05-31
South Carolina,66,2019-05-31
South Dakota,68,2019-05-31
Tennessee,55,2019-05-31
Texas,40,2019-05-31
Utah,48,2019-05-31
Vermont,74,2019-05-31
Virginia,63,2019-05-31
Washington,79,2019-05-31
West Virginia,41,2019-05-31
Wisconsin,58,2019-05-31
Wyoming,87,2019-05-31
Alabama,57,2019-06-30
Alaska,54,2019-06-30
Arizona,74,2019-06-30
Arkansas,65,2019-06-30
California,60,2019-06-30
Colorado,67,2019-06-30
Connecticut,55,2019-06-30
Delaware,62,2019-06-30
District of Columbia,38,2019-06-30
Florida,61,2019-06-30
Georgia,64,2019-06-30
Hawaii,39,2019-06-30
Idaho,100,2019-06-30
Illinois,56,2019-06-30
Indiana,65,2019-06-30
Iowa,60,2019-06-30
Kansas,62,2019-06-30
Kentucky,66,2019-06-30
Louisiana,42,2019-06-30
Maine,65,2019-06-30
Maryland,51,2019-06-30
Massachusetts,53,2019-06-30
Michigan,85,2019-06-30
Minnesota,60,2019-06-30
Mississippi,47,2019-06-30
Missouri,66,2019-06-30
Montana,73,2019-06-30
Nebraska,76,2019-06-30
Nevada,64,2019-06-30
New Hampshire,60,2019-06-30
New Jersey,42,2019-06-30
New Mexico,61,2019-06-30
New York,41,2019-06-30
North Carolina,57,2019-06-30
North Dakota,54,2019-06-30
Ohio,57,2019-06-30
Oklahoma,50,2019-06-30
Oregon,81,2019-06-30
Pennsylvania,52,2019-06-30
Rhode Island,68,2019-06-30
South Carolina,62,2019-06-30
South Dakota,57,2019-06-30
Tennessee,57,2019-06-30
Texas,37,2019-06-30
Utah,43,2019-06-30
Vermont,45,2019-06-30
Virginia,60,2019-06-30
Washington,64,2019-06-30
West Virginia,41,2019-06-30
Wisconsin,60,2019-06-30
Wyoming,88,2019-06-30
Alabama,56,2019-07-31
Alaska,50,2019-07-31
Arizona,69,2019-07-31
Arkansas,48,2019-07-31
California,61,2019-07-31
Colorado,71,2019-07-31
Connecticut,54,2019-07-31
Delaware,60,2019-07-31
District of Columbia,38,2019-07-31
Florida,56,2019-07-31
Georgia,57,2019-07-31
Hawaii,39,2019-07-31
Idaho,97,2019-07-31
Illinois,49,2019-07-31
Indiana,61,2019-07-31
Iowa,65,2019-07-31
Kansas,47,2019-07-31
Kentucky,53,2019-07-31
Louisiana,38,2019-07-31
Maine,59,2019-07-31
Maryland,49,2019-07-31
Massachusetts,57,2019-07-31
Michigan,82,2019-07-31
Minnesota,58,2019-07-31
Mississippi,48,2019-07-31
Missouri,65,2019-07-31
Montana,71,2019-07-31
Nebraska,71,2019-07-31
Nevada,67,2019-07-31
New Hampshire,63,2019-07-31
New Jersey,44,2019-07-31
New Mexico,54,2019-07-31
New York,42,2019-07-31
North Carolina,52,2019-07-31
North Dakota,49,2019-07-31
Ohio,58,2019-07-31
Oklahoma,49,2019-07-31
Oregon,98,2019-07-31
Pennsylvania,50,2019-07-31
Rhode Island,72,2019-07-31
South Carolina,53,2019-07-31
South Dakota,84,2019-07-31
Tennessee,59,2019-07-31
Texas,36,2019-07-31
Utah,45,2019-07-31
Vermont,62,2019-07-31
Virginia,57,2019-07-31
Washington,69,2019-07-31
West Virginia,41,2019-07-31
Wisconsin,57,2019-07-31
Wyoming,100,2019-07-31
Alabama,59,2019-08-31
Alaska,52,2019-08-31
Arizona,69,2019-08-31
Arkansas,52,2019-08-31
California,62,2019-08-31
Colorado,73,2019-08-31
Connecticut,58,2019-08-31
Delaware,61,2019-08-31
District of Columbia,46,2019-08-31
Florida,64,2019-08-31
Georgia,55,2019-08-31
Hawaii,44,2019-08-31
Idaho,100,2019-08-31
Illinois,53,2019-08-31
Indiana,64,2019-08-31
Iowa,58,2019-08-31
Kansas,58,2019-08-31
Kentucky,54,2019-08-31
Louisiana,43,2019-08-31
Maine,52,2019-08-31
Maryland,61,2019-08-31
Massachusetts,54,2019-08-31
Michigan,74,2019-08-31
Minnesota,60,2019-08-31
Mississippi,47,2019-08-31
Missouri,69,2019-08-31
Montana,72,2019-08-31
Nebraska,66,2019-08-31
Nevada,64,2019-08-31
New Hampshire,67,2019-08-31
New Jersey,46,2019-08-31
New Mexico,65,2019-08-31
New York,45,2019-08-31
North Carolina,50,2019-08-31
North Dakota,38,2019-08-31
Ohio,55,2019-08-31
Oklahoma,47,2019-08-31
Oregon,87,2019-08-31
Pennsylvania,48,2019-08-31
Rhode Island,69,2019-08-31
South Carolina,57,2019-08-31
South Dakota,51,2019-08-31
Tennessee,59,2019-08-31
Texas,36,2019-08-31
Utah,50,2019-08-31
Vermont,62,2019-08-31
Virginia,57,2019-08-31
Washington,75,2019-08-31
West Virginia,33,2019-08-31
Wisconsin,55,2019-08-31
Wyoming,88,2019-08-31
Alabama,64,2019-09-30
Alaska,61,2019-09-30
Arizona,90,2019-09-30
Arkansas,69,2019-09-30
California,69,2019-09-30
Colorado,87,2019-09-30
Connecticut,64,2019-09-30
Delaware,61,2019-09-30
District of Columbia,52,2019-09-30
Florida,83,2019-09-30
Georgia,69,2019-09-30
Hawaii,61,2019-09-30
Idaho,100,2019-09-30
Illinois,59,2019-09-30
Indiana,69,2019-09-30
Iowa,72,2019-09-30
Kansas,70,2019-09-30
Kentucky,59,2019-09-30
Louisiana,47,2019-09-30
Maine,52,2019-09-30
Maryland,58,2019-09-30
Massachusetts,66,2019-09-30
Michigan,94,2019-09-30
Minnesota,60,2019-09-30
Mississippi,46,2019-09-30
Missouri,69,2019-09-30
Montana,86,2019-09-30
Nebraska,75,2019-09-30
Nevada,81,2019-09-30
New Hampshire,88,2019-09-30
New Jersey,50,2019-09-30
New Mexico,70,2019-09-30
New York,49,2019-09-30
North Carolina,63,2019-09-30
North Dakota,47,2019-09-30
Ohio,65,2019-09-30
Oklahoma,62,2019-09-30
Oregon,93,2019-09-30
Pennsylvania,55,2019-09-30
Rhode Island,81,2019-09-30
South Carolina,63,2019-09-30
South Dakota,70,2019-09-30
Tennessee,64,2019-09-30
Texas,42,2019-09-30
Utah,49,2019-09-30
Vermont,72,2019-09-30
Virginia,65,2019-09-30
Washington,75,2019-09-30
West Virginia,60,2019-09-30
Wisconsin,58,2019-09-30
Wyoming,82,2019-09-30
Alabama,66,2019-10-31
Alaska,47,2019-10-31
Arizona,86,2019-10-31
Arkansas,59,2019-10-31
California,66,2019-10-31
Colorado,77,2019-10-31
Connecticut,59,2019-10-31
Delaware,71,2019-10-31
District of Columbia,39,2019-10-31
Florida,72,2019-10-31
Georgia,64,2019-10-31
Hawaii,65,2019-10-31
Idaho,98,2019-10-31
Illinois,55,2019-10-31
Indiana,60,2019-10-31
Iowa,59,2019-10-31
Kansas,64,2019-10-31
Kentucky,50,2019-10-31
Louisiana,42,2019-10-31
Maine,55,2019-10-31
Maryland,62,2019-10-31
Massachusetts,56,2019-10-31
Michigan,80,2019-10-31
Minnesota,54,2019-10-31
Mississippi,44,2019-10-31
Missouri,71,2019-10-31
Montana,98,2019-10-31
Nebraska,72,2019-10-31
Nevada,76,2019-10-31
New Hampshire,79,2019-10-31
New Jersey,47,2019-10-31
New Mexico,67,2019-10-31
New York,44,2019-10-31
North Carolina,61,2019-10-31
North Dakota,45,2019-10-31
Ohio,59,2019-10-31
Oklahoma,58,2019-10-31
Oregon,100,2019-10-31
Pennsylvania,51,2019-10-31
Rhode Island,65,2019-10-31
South Carolina,60,2019-10-31
South Dakota,55,2019-10-31
Tennessee,62,2019-10-31
Texas,41,2019-10-31
Utah,37,2019-10-31
Vermont,84,2019-10-31
Virginia,58,2019-10-31
Washington,76,2019-10-31
West Virginia,44,2019-10-31
Wisconsin,63,2019-10-31
Wyoming,64,2019-10-31
Alabama,62,2019-11-30
Alaska,56,2019-11-30
Arizona,89,2019-11-30
Arkansas,71,2019-11-30
California,63,2019-11-30
Colorado,85,2019-11-30
Connecticut,54,2019-11-30
Delaware,65,2019-11-30
District of Columbia,61,2019-11-30
Florida,76,2019-11-30
Georgia,69,2019-11-30
Hawaii,49,2019-11-30
Idaho,94,2019-11-30
Illinois,61,2019-11-30
Indiana,63,2019-11-30
Iowa,58,2019-11-30
Kansas,69,2019-11-30
Kentucky,61,2019-11-30
Louisiana,44,2019-11-30
Maine,61,2019-11-30
Maryland,57,2019-11-30
Massachusetts,52,2019-11-30
Michigan,79,2019-11-30
Minnesota,54,2019-11-30
Mississippi,49,2019-11-30
Missouri,66,2019-11-30
Montana,89,2019-11-30
Nebraska,83,2019-11-30
Nevada,83,2019-11-30
New Hampshire,67,2019-11-30
New Jersey,46,2019-11-30
New Mexico,57,2019-11-30
New York,43,2019-11-30
North Carolina,56,2019-11-30
North Dakota,51,2019-11-30
Ohio,57,2019-11-30
Oklahoma,56,2019-11-30
Oregon,100,2019-11-30
Pennsylvania,54,2019-11-30
Rhode Island,56,2019-11-30
South Carolina,68,2019-11-30
South Dakota,56,2019-11-30
Tennessee,62,2019-11-30
Texas,42,2019-11-30
Utah,49,2019-11-30
Vermont,51,2019-11-30
Virginia,66,2019-11-30
Washington,76,2019-11-30
West Virginia,55,2019-11-30
Wisconsin,57,2019-11-30
Wyoming,67,2019-11-30
Alabama,59,2019-12-31
Alaska,54,2019-12-31
Arizona,80,2019-12-31
Arkansas,58,2019-12-31
California,62,2019-12-31
Colorado,75,2019-12-31
Connecticut,59,2019-12-31
Delaware,60,2019-12-31
District of Columbia,52,2019-12-31
Florida,72,2019-12-31
Georgia,65,2019-12-31
Hawaii,46,2019-12-31
Idaho,100,2019-12-31
Illinois,53,2019-12-31
Indiana,71,2019-12-31
Iowa,59,2019-12-31
Kansas,68,2019-12-31
Kentucky,64,2019-12-31
Louisiana,46,2019-12-31
Maine,50,2019-12-31
Maryland,57,2019-12-31
Massachusetts,52,2019-12-31
Michigan,82,2019-12-31
Minnesota,54,2019-12-31
Mississippi,50,2019-12-31
Missouri,65,2019-12-31
Montana,82,2019-12-31
Nebraska,64,2019-12-31
Nevada,80,2019-12-31
New Hampshire,66,2019-12-31
New Jersey,47,2019-12-31
New Mexico,58,2019-12-31
New York,45,2019-12-31
North Carolina,60,2019-12-31
North Dakota,50,2019-12-31
Ohio,57,2019-12-31
Oklahoma,55,2019-12-31
Oregon,89,2019-12-31
Pennsylvania,51,2019-12-31
Rhode Island,63,2019-12-31
South Carolina,62,2019-12-31
South Dakota,62,2019-12-31
Tennessee,59,2019-12-31
Texas,41,2019-12-31
Utah,47,2019-12-31
Vermont,46,2019-12-31
Virginia,59,2019-12-31
Washington,72,2019-12-31
West Virginia,51,2019-12-31
Wisconsin,61,2019-12-31
Wyoming,85,2019-12-31
Alabama,61,2020-01-31
Alaska,66,2020-01-31
Arizona,89,2020-01-31
Arkansas,63,2020-01-31
California,63,2020-01-31
Colorado,86,2020-01-31
Connecticut,57,2020-01-31
Delaware,65,2020-01-31
District of Columbia,49,2020-01-31
Florida,76,2020-01-31
Georgia,74,2020-01-31
Hawaii,49,2020-01-31
Idaho,99,2020-01-31
Illinois,59,2020-01-31
Indiana,67,2020-01-31
Iowa,59,2020-01-31
Kansas,73,2020-01-31
Kentucky,59,2020-01-31
Louisiana,49,2020-01-31
Maine,50,2020-01-31
Maryland,62,2020-01-31
Massachusetts,60,2020-01-31
Michigan,82,2020-01-31
Minnesota,55,2020-01-31
Mississippi,50,2020-01-31
Missouri,74,2020-01-31
Montana,92,2020-01-31
Nebraska,79,2020-01-31
Nevada,80,2020-01-31
New Hampshire,76,2020-01-31
New Jersey,56,2020-01-31
New Mexico,67,2020-01-31
New York,45,2020-01-31
North Carolina,58,2020-01-31
North Dakota,62,2020-01-31
Ohio,59,2020-01-31
Oklahoma,69,2020-01-31
Oregon,100,2020-01-31
Pennsylvania,58,2020-01-31
Rhode Island,71,2020-01-31
South Carolina,68,2020-01-31
South Dakota,70,2020-01-31
Tennessee,57,2020-01-31
Texas,44,2020-01-31
Utah,51,2020-01-31
Vermont,48,2020-01-31
Virginia,72,2020-01-31
Washington,80,2020-01-31
West Virginia,44,2020-01-31
Wisconsin,57,2020-01-31
Wyoming,83,2020-01-31
Alabama,61,2020-02-29
Alaska,55,2020-02-29
Arizona,76,2020-02-29
Arkansas,60,2020-02-29
California,61,2020-02-29
Colorado,74,2020-02-29
Connecticut,57,2020-02-29
Delaware,53,2020-02-29
District of Columbia,52,2020-02-29
Florida,70,2020-02-29
Georgia,61,2020-02-29
Hawaii,46,2020-02-29
Idaho,100,2020-02-29
Illinois,55,2020-02-29
Indiana,61,2020-02-29
Iowa,67,2020-02-29
Kansas,68,2020-02-29
Kentucky,51,2020-02-29
Louisiana,46,2020-02-29
Maine,63,2020-02-29
Maryland,58,2020-02-29
Massachusetts,56,2020-02-29
Michigan,73,2020-02-29
Minnesota,60,2020-02-29
Mississippi,43,2020-02-29
Missouri,68,2020-02-29
Montana,72,2020-02-29
Nebraska,77,2020-02-29
Nevada,69,2020-02-29
New Hampshire,66,2020-02-29
New Jersey,45,2020-02-29
New Mexico,64,2020-02-29
New York,40,2020-02-29
North Carolina,55,2020-02-29
North Dakota,55,2020-02-29
Ohio,57,2020-02-29
Oklahoma,58,2020-02-29
Oregon,83,2020-02-29
Pennsylvania,51,2020-02-29
Rhode Island,71,2020-02-29
South Carolina,61,2020-02-29
South Dakota,66,2020-02-29
Tennessee,54,2020-02-29
Texas,40,2020-02-29
Utah,44,2020-02-29
Vermont,50,2020-02-29
Virginia,64,2020-02-29
Washington,72,2020-02-29
West Virginia,48,2020-02-29
Wisconsin,60,2020-02-29
Wyoming,96,2020-02-29
Alabama,78,2020-03-31
Alaska,62,2020-03-31
Arizona,97,2020-03-31
Arkansas,68,2020-03-31
California,73,2020-03-31
Colorado,88,2020-03-31
Connecticut,62,2020-03-31
Delaware,68,2020-03-31
District of Columbia,50,2020-03-31
Florida,82,2020-03-31
Georgia,83,2020-03-31
Hawaii,58,2020-03-31
Idaho,98,2020-03-31
Illinois,66,2020-03-31
Indiana,74,2020-03-31
Iowa,86,2020-03-31
Kansas,83,2020-03-31
Kentucky,66,2020-03-31
Louisiana,53,2020-03-31
Maine,64,2020-03-31
Maryland,68,2020-03-31
Massachusetts,66,2020-03-31
Michigan,73,2020-03-31
Minnesota,77,2020-03-31
Mississippi,48,2020-03-31
Missouri,83,2020-03-31
Montana,88,2020-03-31
Nebraska,87,2020-03-31
Nevada,93,2020-03-31
New Hampshire,80,2020-03-31
New Jersey,48,2020-03-31
New Mexico,82,2020-03-31
New York,48,2020-03-31
North Carolina,72,2020-03-31
North Dakota,60,2020-03-31
Ohio,68,2020-03-31
Oklahoma,74,2020-03-31
Oregon,100,2020-03-31
Pennsylvania,53,2020-03-31
Rhode Island,86,2020-03-31
South Carolina,76,2020-03-31
South Dakota,64,2020-03-31
Tennessee,70,2020-03-31
Texas,52,2020-03-31
Utah,59,2020-03-31
Vermont,89,2020-03-31
Virginia,72,2020-03-31
Washington,89,2020-03-31
West Virginia,56,2020-03-31
Wisconsin,71,2020-03-31
Wyoming,91,2020-03-31
Alabama,68,2020-04-30
Alaska,78,2020-04-30
Arizona,83,2020-04-30
Arkansas,63,2020-04-30
California,71,2020-04-30
Colorado,79,2020-04-30
Connecticut,57,2020-04-30
Delaware,60,2020-04-30
District of Columbia,37,2020-04-30
Florida,70,2020-04-30
Georgia,64,2020-04-30
Hawaii,46,2020-04-30
Idaho,98,2020-04-30
Illinois,58,2020-04-30
Indiana,63,2020-04-30
Iowa,74,2020-04-30
Kansas,68,2020-04-30
Kentucky,61,2020-04-30
Louisiana,47,2020-04-30
Maine,59,2020-04-30
Maryland,59,2020-04-30
Massachusetts,62,2020-04-30
Michigan,86,2020-04-30
Minnesota,60,2020-04-30
Mississippi,48,2020-04-30
Missouri,72,2020-04-30
Montana,100,2020-04-30
Nebraska,82,2020-04-30
Nevada,84,2020-04-30
New Hampshire,63,2020-04-30
New Jersey,47,2020-04-30
New Mexico,64,2020-04-30
New York,45,2020-04-30
North Carolina,59,2020-04-30
North Dakota,75,2020-04-30
Ohio,61,2020-04-30
Oklahoma,60,2020-04-30
Oregon,88,2020-04-30
Pennsylvania,51,2020-04-30
Rhode Island,71,2020-04-30
South Carolina,56,2020-04-30
South Dakota,68,2020-04-30
Tennessee,60,2020-04-30
Texas,44,2020-04-30
Utah,50,2020-04-30
Vermont,71,2020-04-30
Virginia,69,2020-04-30
Washington,76,2020-04-30
West Virginia,48,2020-04-30
Wisconsin,64,2020-04-30
Wyoming,88,2020-04-30
Alabama,54,2020-05-31
Alaska,58,2020-05-31
Arizona,76,2020-05-31
Arkansas,63,2020-05-31
California,64,2020-05-31
Colorado,74,2020-05-31
Connecticut,56,2020-05-31
Delaware,61,2020-05-31
District of Columbia,48,2020-05-31
Florida,66,2020-05-31
Georgia,63,2020-05-31
Hawaii,50,2020-05-31
Idaho,95,2020-05-31
Illinois,56,2020-05-31
Indiana,61,2020-05-31
Iowa,69,2020-05-31
Kansas,59,2020-05-31
Kentucky,57,2020-05-31
Louisiana,43,2020-05-31
Maine,55,2020-05-31
Maryland,61,2020-05-31
Massachusetts,63,2020-05-31
Michigan,81,2020-05-31
Minnesota,64,2020-05-31
Mississippi,43,2020-05-31
Missouri,73,2020-05-31
Montana,100,2020-05-31
Nebraska,81,2020-05-31
Nevada,82,2020-05-31
New Hampshire,74,2020-05-31
New Jersey,48,2020-05-31
New Mexico,69,2020-05-31
New York,48,2020-05-31
North Carolina,56,2020-05-31
North Dakota,61,2020-05-31
Ohio,59,2020-05-31
Oklahoma,58,2020-05-31
Oregon,93,2020-05-31
Pennsylvania,54,2020-05-31
Rhode Island,71,2020-05-31
South Carolina,62,2020-05-31
South Dakota,73,2020-05-31
Tennessee,55,2020-05-31
Texas,40,2020-05-31
Utah,47,2020-05-31
Vermont,69,2020-05-31
Virginia,61,2020-05-31
Washington,75,2020-05-31
West Virginia,42,2020-05-31
Wisconsin,63,2020-05-31
Wyoming,94,2020-05-31
Alabama,59,2020-06-30
Alaska,52,2020-06-30
Arizona,75,2020-06-30
Arkansas,62,2020-06-30
California,63,2020-06-30
Colorado,71,2020-06-30
Connecticut,55,2020-06-30
Delaware,57,2020-06-30
District of Columbia,42,2020-06-30
Florida,65,2020-06-30
Georgia,58,2020-06-30
Hawaii,48,2020-06-30
Idaho,100,2020-06-30
Illinois,59,2020-06-30
Indiana,59,2020-06-30
Iowa,64,2020-06-30
Kansas,59,2020-06-30
Kentucky,60,2020-06-30
Louisiana,42,2020-06-30
Maine,58,2020-06-30
Maryland,56,2020-06-30
Massachusetts,61,2020-06-30
Michigan,83,2020-06-30
Minnesota,58,2020-06-30
Mississippi,41,2020-06-30
Missouri,66,2020-06-30
Montana,82,2020-06-30
Nebraska,75,2020-06-30
Nevada,69,2020-06-30
New Hampshire,76,2020-06-30
New Jersey,52,2020-06-30
New Mexico,66,2020-06-30
New York,48,2020-06-30
North Carolina,53,2020-06-30
North Dakota,48,2020-06-30
Ohio,57,2020-06-30
Oklahoma,52,2020-06-30
Oregon,91,2020-06-30
Pennsylvania,54,2020-06-30
Rhode Island,71,2020-06-30
South Carolina,56,2020-06-30
South Dakota,52,2020-06-30
Tennessee,52,2020-06-30
Texas,38,2020-06-30
Utah,52,2020-06-30
Vermont,69,2020-06-30
Virginia,61,2020-06-30
Washington,77,2020-06-30
West Virginia,45,2020-06-30
Wisconsin,62,2020-06-30
Wyoming,66,2020-06-30
Alabama,48,2020-07-31
Alaska,50,2020-07-31
Arizona,70,2020-07-31
Arkansas,46,2020-07-31
California,56,2020-07-31
Colorado,67,2020-07-31
Connecticut,50,2020-07-31
Delaware,57,2020-07-31
District of Columbia,31,2020-07-31
Florida,57,2020-07-31
Georgia,53,2020-07-31
Hawaii,34,2020-07-31
Idaho,100,2020-07-31
Illinois,48,2020-07-31
Indiana,51,2020-07-31
Iowa,53,2020-07-31
Kansas,50,2020-07-31
Kentucky,47,2020-07-31
Louisiana,41,2020-07-31
Maine,62,2020-07-31
Maryland,48,2020-07-31
Massachusetts,56,2020-07-31
Michigan,74,2020-07-31
Minnesota,54,2020-07-31
Mississippi,36,2020-07-31
Missouri,62,2020-07-31
Montana,77,2020-07-31
Nebraska,60,2020-07-31
Nevada,64,2020-07-31
New Hampshire,59,2020-07-31
New Jersey,50,2020-07-31
New Mexico,61,2020-07-31
New York,45,2020-07-31
North Carolina,42,2020-07-31
North Dakota,50,2020-07-31
Ohio,51,2020-07-31
Oklahoma,46,2020-07-31
Oregon,85,2020-07-31
Pennsylvania,51,2020-07-31
Rhode Island,62,2020-07-31
South Carolina,52,2020-07-31
South Dakota,61,2020-07-31
Tennessee,52,2020-07-31
Texas,32,2020-07-31
Utah,50,2020-07-31
Vermont,55,2020-07-31
Virginia,56,2020-07-31
Washington,70,2020-07-31
West Virginia,40,2020-07-31
Wisconsin,57,2020-07-31
Wyoming,77,2020-07-31
Alabama,63,2020-08-31
Alaska,66,2020-08-31
Arizona,87,2020-08-31
Arkansas,52,2020-08-31
California,68,2020-08-31
Colorado,79,2020-08-31
Connecticut,62,2020-08-31
Delaware,63,2020-08-31
District of Columbia,37,2020-08-31
Florida,71,2020-08-31
Georgia,62,2020-08-31
Hawaii,43,2020-08-31
Idaho,100,2020-08-31
Illinois,63,2020-08-31
Indiana,64,2020-08-31
Iowa,64,2020-08-31
Kansas,61,2020-08-31
Kentucky,60,2020-08-31
Louisiana,42,2020-08-31
Maine,59,2020-08-31
Maryland,60,2020-08-31
Massachusetts,63,2020-08-31
Michigan,85,2020-08-31
Minnesota,61,2020-08-31
Mississippi,43,2020-08-31
Missouri,76,2020-08-31
Montana,93,2020-08-31
Nebraska,74,2020-08-31
Nevada,81,2020-08-31
New Hampshire,68,2020-08-31
New Jersey,58,2020-08-31
New Mexico,67,2020-08-31
New York,55,2020-08-31
North Carolina,58,2020-08-31
North Dakota,78,2020-08-31
Ohio,60,2020-08-31
Oklahoma,57,2020-08-31
Oregon,92,2020-08-31
Pennsylvania,59,2020-08-31
Rhode Island,77,2020-08-31
South Carolina,64,2020-08-31
South Dakota,79,2020-08-31
Tennessee,58,2020-08-31
Texas,39,2020-08-31
Utah,45,2020-08-31
Vermont,80,2020-08-31
Virginia,66,2020-08-31
Washington,79,2020-08-31
West Virginia,46,2020-08-31
Wisconsin,61,2020-08-31
Wyoming,88,2020-08-31
Alabama,62,2020-09-30
Alaska,75,2020-09-30
Arizona,84,2020-09-30
Arkansas,55,2020-09-30
California,71,2020-09-30
Colorado,79,2020-09-30
Connecticut,66,2020-09-30
Delaware,61,2020-09-30
District of Columbia,47,2020-09-30
Florida,72,2020-09-30
Georgia,62,2020-09-30
Hawaii,51,2020-09-30
Idaho,98,2020-09-30
Illinois,62,2020-09-30
Indiana,64,2020-09-30
Iowa,69,2020-09-30
Kansas,67,2020-09-30
Kentucky,56,2020-09-30
Louisiana,50,2020-09-30
Maine,65,2020-09-30
Maryland,54,2020-09-30
Massachusetts,66,2020-09-30
Michigan,86,2020-09-30
Minnesota,62,2020-09-30
Mississippi,52,2020-09-30
Missouri,71,2020-09-30
Montana,100,2020-09-30
Nebraska,83,2020-09-30
Nevada,94,2020-09-30
New Hampshire,85,2020-09-30
New Jersey,54,2020-09-30
New Mexico,66,2020-09-30
New York,51,2020-09-30
North Carolina,59,2020-09-30
North Dakota,33,2020-09-30
Ohio,63,2020-09-30
Oklahoma,59,2020-09-30
Oregon,98,2020-09-30
Pennsylvania,56,2020-09-30
Rhode Island,67,2020-09-30
South Carolina,67,2020-09-30
South Dakota,76,2020-09-30
Tennessee,59,2020-09-30
Texas,40,2020-09-30
Utah,61,2020-09-30
Vermont,65,2020-09-30
Virginia,69,2020-09-30
Washington,85,2020-09-30
West Virginia,50,2020-09-30
Wisconsin,59,2020-09-30
Wyoming,68,2020-09-30
Alabama,63,2020-10-31
Alaska,68,2020-10-31
Arizona,84,2020-10-31
Arkansas,58,2020-10-31
California,69,2020-10-31
Colorado,79,2020-10-31
Connecticut,66,2020-10-31
Delaware,65,2020-10-31
District of Columbia,60,2020-10-31
Florida,70,2020-10-31
Georgia,63,2020-10-31
Hawaii,57,2020-10-31
Idaho,100,2020-10-31
Illinois,60,2020-10-31
Indiana,63,2020-10-31
Iowa,59,2020-10-31
Kansas,66,2020-10-31
Kentucky,52,2020-10-31
Louisiana,45,2020-10-31
Maine,47,2020-10-31
Maryland,54,2020-10-31
Massachusetts,68,2020-10-31
Michigan,79,2020-10-31
Minnesota,50,2020-10-31
Mississippi,42,2020-10-31
Missouri,68,2020-10-31
Montana,69,2020-10-31
Nebraska,63,2020-10-31
Nevada,81,2020-10-31
New Hampshire,76,2020-10-31
New Jersey,51,2020-10-31
New Mexico,62,2020-10-31
New York,50,2020-10-31
North Carolina,59,2020-10-31
North Dakota,47,2020-10-31
Ohio,57,2020-10-31
Oklahoma,61,2020-10-31
Oregon,92,2020-10-31
Pennsylvania,53,2020-10-31
Rhode Island,71,2020-10-31
South Carolina,58,2020-10-31
South Dakota,60,2020-10-31
Tennessee,57,2020-10-31
Texas,42,2020-10-31
Utah,46,2020-10-31
Vermont,73,2020-10-31
Virginia,67,2020-10-31
Washington,77,2020-10-31
West Virginia,48,2020-10-31
Wisconsin,61,2020-10-31
Wyoming,72,2020-10-31
Alabama,54,2020-11-30
Alaska,45,2020-11-30
Arizona,81,2020-11-30
Arkansas,54,2020-11-30
California,67,2020-11-30
Colorado,84,2020-11-30
Connecticut,60,2020-11-30
Delaware,49,2020-11-30
District of Columbia,45,2020-11-30
Florida,68,2020-11-30
Georgia,60,2020-11-30
Hawaii,57,2020-11-30
Idaho,87,2020-11-30
Illinois,54,2020-11-30
Indiana,55,2020-11-30
Iowa,51,2020-11-30
Kansas,58,2020-11-30
Kentucky,58,2020-11-30
Louisiana,36,2020-11-30
Maine,49,2020-11-30
Maryland,54,2020-11-30
Massachusetts,56,2020-11-30
Michigan,72,2020-11-30
Minnesota,52,2020-11-30
Mississippi,46,2020-11-30
Missouri,64,2020-11-30
Montana,81,2020-11-30
Nebraska,60,2020-11-30
Nevada,70,2020-11-30
New Hampshire,56,2020-11-30
New Jersey,46,2020-11-30
New Mexico,61,2020-11-30
New York,45,2020-11-30
North Carolina,57,2020-11-30
North Dakota,64,2020-11-30
Ohio,52,2020-11-30
Oklahoma,47,2020-11-30
Oregon,83,2020-11-30
Pennsylvania,51,2020-11-30
Rhode Island,71,2020-11-30
South Carolina,60,2020-11-30
South Dakota,43,2020-11-30
Tennessee,54,2020-11-30
Texas,38,2020-11-30
Utah,43,2020-11-30
Vermont,62,2020-11-30
Virginia,54,2020-11-30
Washington,76,2020-11-30
West Virginia,38,2020-11-30
Wisconsin,59,2020-11-30
Wyoming,100,2020-11-30
